138,129.536,122
138,131.028,125
138,132.312,125
139,133.4,129
139,134.276,131
139,134.908,132
140,135.668,132
140,136.364,132
142,137.06,133
142,137.624,135
142,138.06,135
142,138.532,135
142,138.996,136
143,139.416,136
143,139.912,138
144,140.18,137
144,140.512,137
144,140.88,137
18660,289.292,136
18660,437.368,138
18660,512.08,139
18850,1016.348,138
19960,1386.692,140
19960,1953.368,141
20050,2613.56,140
20050,2847.436,139
20050,3879.168,140
21170,5080.616,141
21170,6849.412,142
21400,9207.384,141
24350,10739.888,142
24350,13461.312,142
24350,14709.128,141
24350,15993.58,142
24350,15355.22,142
24350,15775.144,143
24350,16189.488,142
24350,16829.672,142
24350,17680.068,141
24350,18350.048,143
24590,18182.356,143
24880,17925.068,142
25960,18071.096,142
26420,17680.304,141
26420,17347.844,142
26640,17304.932,143
26640,17483.108,142
26640,18392.244,142
26640,18335.748,143
27480,18825.572,143
27480,19705.696,142
27480,18963.036,141
27480,18137.584,142
27940,20664.532,142
28270,20560.488,142
28350,20595.52,142
28350,20914.152,142
28690,21066.756,143
28690,21561.384,142
28690,21986.396,143
28690,22078.62,142
28690,23036.104,142
28730,22780.876,143
28850,23002.168,143
28850,23375.76,142
28980,23613.772,141
28980,23902.568,139
29040,24300.08,143
29290,24751.124,142
29290,25080.096,143
29290,24686.98,143
29400,24792.036,143
29430,24538.76,141
29860,25297.952,143
29860,24866.26,143
29860,25524.704,141
29860,24976.548,143
30170,25976.54,143
30170,26289.356,143
30200,25958.936,142
30230,26733.76,143
30470,25843.996,142
30470,25372.736,142
30470,25231.3,142
30470,25822.264,142
30520,25889.988,143
30520,25117.644,142
30530,25209.764,142
30850,25487.684,142
30850,25420.752,142
30850,25115.516,142
30850,25248.78,143
30850,26430.1,142
30850,25565.288,143
30850,26105.724,142
30850,27090.652,143
31010,26751.192,143
31090,27165.688,142
31090,28393.224,142
31090,26304.092,142
31090,26593.02,143
31190,26490.28,142
31190,26194.224,143
31190,25505.356,143
31190,25427.192,140
31190,26787.344,143
31190,26380.324,143
31350,26160.124,143
31350,26650.536,142
31350,27340.668,142
31350,25754.852,141
31350,26627.408,142
31350,26925.768,142
31350,27227.716,143
31350,27028.324,142
31350,25941.7,142
31350,26920.932,143
31350,27195.252,143
31350,27628.588,142
31350,28887.472,142
31350,27838.172,142
31350,28462.3,143
31350,28528.276,142
31350,28200.228,143
31350,27087.648,142
31350,26847.532,143
31350,27474.956,142
31350,27492.388,142
31350,27890.388,142
31350,28507.16,143
31350,28998.264,143
31350,28908.88,141
31350,28188.412,142
31350,28314.372,142
31350,28437.132,143
31350,28044.116,141
31350,28220.092,141
31350,27321.028,143
31350,28073.412,141
31350,28205.456,143
31350,29156.516,142
31350,29085.704,143
31350,27708.656,142
31350,27338.4,143
31350,27597.764,143
31350,28079.536,141
31350,28678.984,142
31350,28547.108,141
31350,28187.868,142
31350,28055.656,141
31350,27954.864,142
31350,27349.984,142
31350,28597.476,142
31350,28008.612,141
31350,28743.164,140
31350,28245.812,142
31350,28238.312,142
31350,27722.968,143
31350,27972.432,142
31350,29465.332,143
31350,28114.724,142
31350,27978.184,142
31350,29220.48,142
31350,29345.5,142
31350,29194.524,143
31350,28458.652,143
31350,28433.936,142
31350,28080.664,143
31350,28203.396,142
31350,28950.356,143
31350,28685.94,143
31350,27446.512,143
31350,27832.668,142
31350,27816.472,141
31350,27715.064,143
31350,28990.868,142
31350,28109.296,143
31350,28580.964,143
31350,28358.464,142
31350,28088.46,140
31350,27600.152,143
31350,27353.056,142
31350,27687.244,142
31350,28568.28,143
31350,28975.032,142
31350,28117.176,142
31350,28108.716,141
31350,27975.016,142
31350,28326.908,143
31350,27714.64,142
31350,27463.504,143
31350,28845.208,143
31350,29236.996,142
31350,28762.288,142
31350,28865.56,143
31350,28626.196,143
31350,28144.384,142
31350,27848.26,141
31350,27494.572,143
31350,28015.5,142
31350,27638.332,141
31350,27988.252,142
31350,27630.424,141
31350,28492.644,143
31350,26876.868,141
31350,26406.0,143
31350,27989.796,143
31350,28353.836,143
31350,27580.408,143
31350,27231.816,142
31350,27344.308,141
31350,28681.376,142
31350,28819.168,143
31350,28493.744,142
31350,28962.628,142
31350,28473.08,142
31350,27620.676,142
31350,28141.66,143
31350,29117.404,143
31350,28370.152,142
31350,28731.416,142
31350,28478.372,143
31350,27972.228,142
31350,27338.616,142
31350,27055.568,142
31350,27192.692,143
31350,26707.856,142
31350,28676.016,143
31350,27953.444,141
31350,28665.716,141
31350,28814.06,143
31350,28330.492,142
31350,28337.952,143
31350,28091.616,143
31350,27953.832,143
31350,28480.62,143
31350,27580.34,142
31350,28198.596,142
31350,27453.612,142
31350,28427.532,142
31350,27290.896,142
31350,26571.232,142
31350,26835.036,142
31350,26839.352,142
31350,26099.956,141
31350,25590.552,141
31350,25951.612,141
31350,26946.268,141
31350,26812.44,142
31350,28081.332,143
31350,27713.424,142
31350,27345.564,143
31350,27603.496,143
31350,27332.308,140
31350,27940.908,142
31350,28191.876,142
31350,28065.932,142
31350,28814.92,143
31350,27847.392,141
31350,28222.276,142
31350,27106.64,141
31350,27718.42,143
31350,28328.06,143
31350,27966.688,141
31350,28595.844,142
31350,28961.944,142
31350,27504.16,141
31350,27118.508,142
31350,26506.644,142
31350,27599.2,142
31350,27069.16,142
31350,27791.892,143
31350,27920.848,142
31350,28178.308,143
31350,27596.412,141
31350,28698.664,141
31350,28604.38,142
31350,28467.9,140
31350,28087.764,143
31350,27927.356,143
31350,28149.924,142
31350,28068.316,141
31350,29184.68,142
31350,29421.764,141
31350,28463.908,141
31350,27826.908,142
31350,27686.364,142
31350,27976.636,143
31350,28233.768,143
31350,27483.364,142
31350,27737.66,142
31350,27362.36,142
31350,27510.356,142
31350,28478.068,142
31350,28697.696,142
31350,28575.784,143
31350,28690.0,143
31350,27459.952,142
31350,27726.812,142
31350,28711.656,142
31350,29330.224,142
31350,28990.956,143
31350,29004.604,141
31350,28497.632,142
31350,28121.728,143
31350,27488.744,140
31350,27114.404,142
31350,25979.516,142
31350,25976.18,142
31350,28084.336,143
31350,28284.224,143
31350,27568.16,143
31350,28302.38,143
31350,28432.572,142
31350,27183.448,140
31350,27395.844,142
31350,27298.192,143
31350,27699.5,143
31350,27485.196,142
31350,27226.316,143
31350,27862.32,142
31350,27501.488,142
31350,28072.044,142
31350,26962.736,142
31350,28094.764,142
31350,28556.476,142
31350,29085.208,142
31350,28933.356,141
31350,28423.968,143
31350,28670.892,142
31350,28710.088,142
31350,29703.02,143
31350,28608.38,142
31350,29825.328,143
31350,29055.14,143
31350,28066.68,141
31350,27481.556,141
31350,27212.712,142
31350,28204.996,142
31350,27347.984,142
31350,28233.716,143
31350,27347.792,142
31350,27209.688,143
31350,28064.504,142
31350,27689.44,142
31350,26972.612,142
31350,26600.024,142
31350,26449.732,141
31350,26428.024,142
31350,26568.976,141
31350,26790.116,142
31350,27672.74,143
31350,27704.416,143
31350,27670.376,142
31350,27711.664,142
31350,28076.296,142
31350,27094.44,142
31350,26710.748,141
31350,26583.228,142
31350,27554.496,142
31350,28456.856,143
31350,27351.88,141
31350,27461.172,142
31350,27970.98,142
31350,28200.152,142
31350,29332.264,142
31350,28464.116,143
31350,28199.272,142
31350,28310.788,142
31350,28809.608,143
31350,28341.172,141
31350,28702.572,141
31350,27719.976,142
31350,27220.356,142
31350,27577.112,143
31350,28149.204,143
31350,27758.676,142
31350,28142.36,141
31350,28786.408,143
31350,27672.072,143
31350,27814.084,143
31350,28096.572,142
31350,27564.468,142
31350,26574.52,140
31350,27668.38,141
31350,27913.668,142
31350,27809.656,143
31350,28420.7,143
31350,28467.88,143
31350,28952.56,143
31350,27816.644,143
31350,27338.664,143
31350,28577.152,143
31350,28422.576,142
31350,27440.88,142
31350,28263.384,142
31350,27675.036,142
31350,28920.02,142
31350,28819.152,142
31350,28683.568,142
31350,28823.372,143
31350,27973.58,141
31350,28461.936,141
31350,29108.176,143
31350,28849.476,143
31350,29846.092,143
31350,28979.388,143
31350,28492.58,143
31350,28589.22,141
31350,28126.088,143
31350,28112.808,143
31350,27717.272,143
31350,28327.584,143
31350,27467.712,142
31350,26726.344,142
31350,28094.272,141
31350,28047.464,143
31350,27160.048,142
31350,27147.588,140
31350,27529.728,142
31350,27208.76,141
31350,27086.26,142
31350,27465.528,141
31350,27201.004,143
31350,27825.884,142
31350,27212.4,142
31350,27698.808,142
31350,28096.64,142
31350,27861.188,141
31350,26716.404,142
31350,27818.524,142
31350,27318.992,143
31350,28298.3,142
31350,27820.556,142
31350,27657.296,142
31350,28156.076,143
31350,28332.252,142
31350,28662.724,140
31350,28556.016,142
31350,27977.3,142
31350,29478.08,142
31350,28375.892,141
31350,27894.836,142
31350,28263.844,143
31350,28015.572,142
31350,28261.232,142
31350,28446.288,143
31350,28211.692,141
31350,28205.46,142
31350,29201.872,142
31350,28935.988,142
31350,27853.02,143
31350,27353.34,142
31350,27738.836,141
31350,27584.636,142
31350,28701.468,142
31350,27978.636,143
31350,28453.424,141
31350,27943.832,143
31350,28425.564,141
31350,27834.848,143
31350,27704.736,142
31350,28487.724,141
31350,28727.58,143
31350,29572.192,142
31350,29487.976,143
31350,28615.724,143
31350,28461.568,142
31350,27483.248,142
31350,27742.372,141
31350,27848.34,143
31350,27211.696,143
31350,28332.224,143
31350,28321.364,141
31350,28841.112,142
31350,28707.26,142
31350,28964.036,143
31350,28470.736,143
31350,27860.652,142
31350,27873.012,141
31350,26512.852,141
31350,26372.98,142
31350,27481.424,143
31350,27746.996,142
31350,27353.576,143
31350,26822.756,143
31350,28455.888,143
31350,27694.052,140
31350,27332.94,141
31350,27861.108,143
31350,26845.972,142
31350,27447.804,141
31350,28185.988,142
31350,27579.032,142
31350,28572.76,143
31350,27841.856,143
31350,27486.02,140
31350,28237.292,142
31350,27614.596,142
31350,27121.528,142
31350,26961.456,142
31360,27581.032,143
31360,26985.908,142
31360,26721.852,142
31360,27850.12,142
31360,27719.796,143
31360,28337.964,143
31360,27842.124,142
31360,27699.684,141
31360,28356.776,143
31360,27975.096,141
31360,26994.184,142
31360,27342.708,143
31360,27886.376,142
31360,28232.556,142
31360,28100.192,143
31360,27051.82,143
31360,27080.852,142
31360,27859.976,141
31360,27703.152,142
31360,27575.316,143
31360,28577.584,142
31360,27724.484,142
31360,27172.224,141
31360,27512.044,142
31360,27153.82,142
31360,26772.496,141
31360,25198.136,141
31360,25672.556,141
31360,27296.0,141
31360,27551.148,143
31360,27159.676,141
31360,27287.18,142
31360,27290.068,142
31360,26326.14,142
31360,26951.14,141
31360,27044.724,141
31360,26450.452,143
31360,26462.94,143
31360,26934.8,142
31360,26308.716,142
31360,26562.716,141
31360,26930.072,142
31360,26824.368,142
31360,26580.736,141
31360,25852.728,143
31360,25716.792,142
31360,26457.744,142
31360,26835.064,143
31360,26697.284,141
31360,27056.904,142
31360,27668.788,141
31360,27792.0,142
31360,26909.872,142
31360,25549.592,142
31360,24555.176,142
31360,25627.552,142
31360,25527.588,142
31360,25917.06,142
31360,27401.52,143
31360,27188.132,140
31360,27184.688,142
31360,26664.256,141
31360,27550.836,142
31360,26817.36,142
31360,27330.496,142
31360,26758.496,142
31360,27352.416,142
31360,27954.984,143
31360,28109.784,143
31360,28209.72,142
31360,26607.72,143
31360,27584.248,143
31360,28065.316,141
31360,27094.46,142
31360,26570.536,141
31360,27015.648,142
31360,27375.88,142
31360,27235.7,143
31360,27374.3,142
31360,28450.74,142
31360,29223.832,142
31360,29577.436,142
31360,29214.108,143
31360,28599.696,142
31360,28492.504,143
31360,28493.516,142
31360,28253.572,141
31360,28226.992,142
31360,27088.892,142
31360,27678.136,143
31360,27586.428,143
31360,28219.356,141
31360,28240.388,142
31360,27359.3,141
31360,27249.2,143
31360,27973.12,143
31360,27126.092,142
31360,27141.412,142
31360,28575.004,141
31360,28202.412,143
31360,28358.62,142
31360,27730.076,142
31360,28081.096,142
31360,27947.752,143
31360,27707.364,141
31360,28694.684,142
31360,28476.896,143
31360,28956.184,142
31360,28589.232,141
31360,28570.68,142
31360,28111.72,142
31360,28204.944,142
31360,26597.568,141
31360,27686.864,143
31360,27696.532,142
31360,28146.584,141
31360,28652.048,142
31360,28932.54,141
31360,28313.732,142
31360,27912.58,142
31360,28148.444,142
31360,26554.924,143
31360,26941.636,142
31360,27789.636,142
31360,28800.96,143
31360,28576.412,142
31360,28121.684,142
31360,27982.94,142
31360,28082.732,142
31360,27099.856,142
31360,27479.304,142
31360,27464.308,142
31360,27566.416,142
31360,27574.496,142
31360,27342.22,143
31360,26860.284,142
31360,27070.68,142
31360,27875.9,142
31360,26927.816,142
31360,27317.86,142
31360,28060.488,142
31360,28835.408,142
31360,28852.16,142
31360,28364.388,143
31360,27122.588,142
31360,27359.06,142
31360,28356.048,142
31360,28832.836,142
31360,28081.624,143
31360,27831.328,142
31360,27540.072,142
31360,27192.764,142
31360,27187.312,142
31360,28444.972,143
31360,28451.828,142
31360,27565.024,140
31360,28334.988,143
31360,28587.912,142
31360,28105.24,141
31360,27991.992,143
31360,27880.236,142
31360,27005.368,139
31360,26756.368,140
31360,27259.608,143
31360,27476.976,143
31360,28101.68,140
31360,29103.42,143
31360,29081.128,142
31360,27712.736,142
31360,26855.42,141
31360,28321.58,142
31360,28817.928,143
31360,27447.788,143
31360,26858.968,142
31360,28081.628,142
31360,28328.52,143
31360,28438.888,143
31360,28112.804,141
31360,27120.828,143
31360,27983.092,142
31360,27470.824,141
31360,27820.036,142
31360,28071.812,142
31360,27221.912,140
31360,28960.42,141
31360,27981.94,142
31360,27468.792,142
31360,28226.112,141
31360,28063.668,143
31360,28667.108,140
31360,27689.872,142
31360,28424.136,143
31360,28084.696,142
31360,28080.784,142
31360,28437.928,142
31360,28184.632,141
31360,28413.144,141
31360,28452.688,140
31360,27359.828,142
31360,27730.784,142
31360,27962.104,142
31360,28082.124,142
31360,27606.252,140
31360,27717.328,141
31360,27733.172,142
31360,28226.724,143
31360,27592.492,141
31360,27817.104,141
31360,28451.884,142
31360,27352.444,143
31360,26200.408,141
31360,28067.848,141
31360,28407.096,143
31360,28174.116,142
31360,27961.068,141
31360,27998.148,143
31360,26994.392,143
31360,27601.356,142
31360,27246.948,142
31360,27519.824,142
31360,27388.452,141
31360,27118.684,141
31360,28193.644,142
31360,27849.736,143
31360,28731.312,143
31360,28121.944,142
31360,28247.108,142
31360,28396.104,143
31360,26774.928,142
31360,27367.764,141
31360,27588.708,142
31360,27447.252,142
31360,27783.54,141
31360,27392.376,143
31360,28273.464,142
31360,28038.508,142
31360,28921.192,142
31360,28443.848,142
31360,27727.772,142
31360,28465.296,142
31360,28820.904,142
31360,28574.036,142
31360,28573.68,143
31360,28701.128,142
31360,28689.744,141
31360,28313.016,142
31360,27490.052,142
31360,28959.34,142
31360,27587.16,143
31360,27674.144,141
31360,28153.244,143
31360,28430.212,142
31360,27954.748,141
31360,28317.768,142
31360,27344.584,142
31360,28288.22,142
31360,28404.664,140
31360,27656.128,142
31360,27826.036,142
31360,28954.536,142
31360,27937.152,143
31360,28050.148,143
31360,29029.98,142
31360,27728.452,143
31360,27605.456,142
31360,28175.8,142
31360,28468.748,142
31360,29101.176,142
31360,28340.9,142
31360,28618.984,142
31360,27395.3,142
31360,28137.216,142
31360,28128.416,142
31360,28982.904,142
31360,29013.528,141
31360,29259.964,143
31360,27628.476,143
31360,27873.0,142
31360,27101.14,142
31360,27756.184,142
31360,28003.272,143
31360,28124.06,142
31360,27975.308,142
31360,27478.568,142
31360,27583.104,142
31360,27602.86,141
31360,26457.624,141
31360,26090.024,142
31360,27172.752,142
31360,27547.716,142
31360,28563.156,142
31360,27834.152,142
31360,27955.412,142
31360,28587.86,142
31360,29042.088,142
31360,28581.604,143
31360,28315.208,141
31360,27835.74,140
31360,28171.44,142
31360,27540.36,142
31360,27091.288,142
31360,27468.784,143
31360,27334.36,142
31360,27368.744,142
31360,26951.592,143
31360,28056.852,142
31360,28917.204,143
31360,27215.92,143
31360,27696.888,142
31360,28043.244,142
31360,28676.264,143
31360,28329.94,142
31360,27819.1,142
31360,28067.884,141
31360,27465.576,142
31360,27716.5,143
31360,28475.652,143
31360,28622.64,141
31360,29257.52,142
31360,28270.524,142
31360,27623.96,142
31360,29077.448,142
31360,28086.928,140
31360,28055.088,142
31360,27705.988,142
31360,27229.664,142
31360,27107.504,142
31360,26865.704,141
31360,28193.592,142
31360,28152.86,142
31360,28430.708,142
31360,29044.984,141
31360,27620.352,142
31360,28559.152,142
31360,28051.616,142
31360,29652.828,143
31360,28481.684,143
31360,27241.812,142
31360,28120.456,142
31360,27889.732,143
31360,28125.28,141
31360,27591.952,142
31360,27207.72,141
31360,27242.752,142
31360,27670.932,142
31360,27794.516,142
31360,28040.368,142
31360,27692.032,140
31360,28580.344,141
31360,28417.164,142
31360,28949.64,143
31360,28684.048,142
31360,28600.072,142
31360,27268.412,142
31360,26597.592,142
31360,26527.324,142
31360,26957.776,141
31360,28541.856,144
31360,27404.464,142
31360,28015.06,141
31360,28185.048,143
31360,28283.336,142
31360,27549.124,142
31360,28519.556,142
31360,28303.864,142
31360,28572.168,143
31360,28374.224,143
31360,28617.556,141
31360,28342.052,141
31360,28363.536,143
31360,27863.888,142
31360,28087.628,142
31360,27410.116,142
31360,27056.6,143
31360,27072.696,142
31360,27934.92,139
31360,26678.112,142
31360,26422.72,142
31360,27533.216,141
31360,28153.276,141
31360,28638.9,142
31360,27167.404,142
31360,26947.244,141
31360,26857.084,143
31360,26855.748,142
31360,27104.944,141
31360,26618.488,142
31360,28086.172,142
31360,27732.264,142
31360,28005.22,142
31360,29109.792,141
31360,28215.5,141
31360,27977.94,141
31360,27872.28,142
31360,28590.484,142
31360,26719.228,142
31360,26686.02,142
31360,27952.484,141
31360,26815.864,142
31360,29582.34,142
31360,28977.328,141
31360,28985.048,142
31360,28007.476,142
31360,28383.476,141
31360,28279.788,143
31360,28339.984,143
31360,27495.124,142
31360,28459.944,143
31360,27942.232,142
31360,27677.996,142
31360,27365.86,142
31360,27386.916,141
31520,27040.844,141
31520,28436.672,141
31520,28789.388,141
31520,28456.516,142
31520,27594.248,142
31520,27097.56,141
31520,26802.5,142
31520,27447.936,142
31520,28183.788,141
31520,27862.188,142
31520,26982.192,142
31520,26343.684,143
31520,26933.608,142
31520,27327.708,142
31520,28287.12,143
31520,26565.048,142
31520,27054.576,142
31520,28057.248,142
31520,26839.636,141
31520,27366.84,143
31520,26996.684,141
31520,26739.68,142
31520,27075.44,143
31520,26494.8,142
31520,26860.632,142
31520,26720.732,141
31520,27198.424,143
31520,26476.08,142
31520,27323.44,142
31520,25443.06,142
31520,26688.488,141
31520,26564.64,143
31520,27562.108,142
31520,26955.692,143
31520,26829.64,142
31520,26982.664,142
31520,26729.232,142
31520,27117.792,143
31520,26436.772,142
31520,27456.408,142
31520,27058.988,142
31520,26073.648,141
31520,27177.52,142
31520,26207.184,142
31730,25715.248,142
31730,25589.596,142
31730,25215.7,140
31730,25580.568,142
31730,26571.14,141
31730,26342.512,143
31730,26200.344,142
31730,25862.144,143
31730,26074.644,142
31730,26741.896,141
31730,25470.984,143
31730,25692.648,142
31730,24663.616,143
31730,24172.02,143
31730,23661.584,142
31730,24782.148,143
31730,23692.0,142
31730,24052.836,143
31730,24456.668,143
31730,22607.768,142
31730,23737.712,141
31730,23410.504,141
31730,24020.372,141
31730,24808.08,141
31730,24207.928,141
31730,25376.492,142
31730,25864.44,143
31730,26915.716,143
31730,25833.156,142
31730,26242.916,142
31730,26986.636,142
31730,26847.124,142
31730,26378.992,141
31730,27136.732,141
31730,27373.5,141
31730,28655.232,143
31730,28685.532,142
31730,28684.104,142
31730,27197.992,140
31730,28460.924,142
31730,27857.768,142
31730,28483.844,141
31730,26919.32,141
31730,27673.656,142
31730,28537.172,141
31730,28286.944,143
31730,27162.704,142
31730,28805.64,142
31730,28058.864,142
31730,28040.144,142
31730,28812.428,143
31730,27935.544,142
31730,27805.468,143
31730,27705.668,142
31730,27202.316,142
31730,26325.852,142
31730,27563.96,142
31730,26684.18,142
31730,26047.188,141
31730,28177.088,142
31730,27314.616,142
31730,27426.388,142
31730,26055.464,141
31730,26917.02,141
31730,27181.88,143
31730,27311.648,142
31730,26178.572,141
31730,26387.74,143
31730,25530.964,143
31730,25873.14,142
31730,26355.624,141
31730,27505.288,141
31730,27257.908,141
31730,27025.18,142
31730,26192.388,143
31730,26953.472,142
31730,27666.38,142
31730,27070.908,143
31730,27066.016,142
31730,28210.54,141
31730,27473.912,142
31730,26730.148,140
31730,26696.272,142
31730,26691.216,141
31730,27978.304,142
31730,28473.128,142
31730,27974.924,142
31730,27699.568,142
31730,26791.744,142
31730,27691.056,141
31730,28081.788,142
31730,27705.704,143
31730,27826.508,142
31730,28216.452,142
31730,26938.812,142
31730,28031.16,142
31730,26663.876,141
31730,26918.72,142
31730,26425.852,142
31730,25269.356,142
31730,26370.408,142
31730,27343.64,143
31730,28190.524,142
31730,27775.904,141
31730,27308.464,140
31730,26788.344,141
31730,28381.148,141
31730,28014.38,142
31730,26788.024,142
31730,27770.056,142
31730,27819.332,143
31730,27691.864,142
31730,28085.392,142
31730,28089.936,142
31730,27322.832,142
31730,26694.4,141
31730,28052.408,142
31730,28220.392,143
31730,27089.644,142
31730,26713.636,142
31730,25822.236,142
31730,26544.048,142
31730,27063.424,143
31730,27050.988,142
31730,27943.5,142
31730,28822.04,142
31730,27970.024,142
31730,26952.576,142
31730,27560.128,141
31730,27686.488,141
31730,27405.68,141
31730,27061.1,142
31730,27190.504,143
31730,27805.16,142
31730,27682.908,142
31730,27574.296,142
31730,28301.8,142
31730,29308.144,142
31730,27416.384,143
31730,28321.992,142
31730,27710.356,141
31730,27950.188,141
31730,27811.34,141
31730,28191.2,142
31730,28193.356,142
31730,28290.82,142
31730,28053.616,141
31730,27316.66,142
31730,28111.608,142
31730,26456.16,142
31730,26555.156,142
31730,27287.776,142
31730,28049.792,143
31730,28076.48,143
31730,28195.012,142
31730,27452.8,141
31730,27961.2,142
31730,28087.228,141
31730,26710.156,142
31730,27583.836,142
31730,27695.748,142
31730,27809.412,143
31730,27198.948,142
31730,26552.66,142
31730,27064.796,141
31730,27568.22,142
31730,28465.484,142
31730,29094.944,143
31730,27943.708,142
31730,27588.328,142
31730,27343.56,142
31730,27097.016,141
31730,27221.644,143
31730,27465.148,142
31730,27934.94,142
31730,28918.672,142
31730,28814.252,143
31730,27717.18,143
31730,28468.088,143
31730,27422.428,143
31730,27798.456,143
31730,28065.936,141
31730,27564.212,141
31730,26935.24,141
31730,27335.244,142
31730,27057.068,142
31730,26894.052,142
31730,26287.712,142
31730,25005.552,142
31730,25542.2,142
31730,25522.932,142
31730,26155.252,141
31730,26288.212,142
31730,26281.232,142
31730,26151.676,142
31730,27370.956,143
31730,27228.3,142
31730,27993.76,141
31730,28173.428,141
31730,27923.7,142
31730,27185.8,142
31730,27197.004,142
31730,27552.012,143
31730,27713.836,142
31730,27833.66,142
31730,27466.228,141
31730,25460.804,142
31730,26538.14,141
31730,26653.112,141
31730,27681.132,141
31730,26966.812,142
31730,27202.776,143
31730,26209.692,142
31730,27061.344,143
31730,26941.324,143
31730,28541.804,142
31730,28463.776,142
31730,27560.012,141
31730,27583.984,142
31730,27465.744,142
31730,26105.008,141
31730,24951.58,142
31730,24831.764,140
31730,25329.852,142
31730,25703.884,140
31730,27062.616,142
31730,26717.76,142
31730,28365.748,142
31730,28344.624,141
31730,27698.984,140
31730,27556.76,142
31730,26805.64,142
31730,26946.86,142
31730,27477.532,142
31730,26471.604,141
31730,26838.512,142
31730,26692.42,142
31730,27956.88,143
31730,27467.816,142
31730,28094.856,142
31730,28094.824,143
31730,28369.18,142
31730,27825.432,142
31730,28467.676,140
31730,28713.204,142
31730,28457.88,143
31730,28716.08,141
31730,28337.636,142
31730,27834.348,143
31730,28072.304,142
31730,27763.812,142
31730,28271.748,143
31730,27785.116,141
31730,28645.516,141
31730,28415.48,142
31730,28301.68,143
31730,27170.736,142
31730,28062.28,142
31730,28230.976,141
31730,28733.592,143
31730,28204.784,140
31730,27544.788,142
31730,27285.252,141
31730,27416.216,141
31730,26939.58,142
31730,26685.908,143
31730,27212.636,142
31730,27068.452,142
31730,27547.672,141
31730,27421.836,142
31730,27906.224,142
31730,27300.992,141
31730,27568.488,142
31730,28045.368,142
31730,28098.7,140
31730,27443.34,142
31730,27690.768,141
31730,27609.268,142
31730,25965.888,141
31730,27542.864,141
31730,27546.456,141
31730,28432.216,142
31730,27462.728,142
31730,27742.872,143
31730,27444.764,142
31730,26822.388,142
31730,27344.488,142
31730,27220.056,142
31730,27214.896,142
31730,26189.932,143
31730,25306.832,143
31730,25907.504,141
31730,27938.336,142
31730,28188.484,142
31730,27839.44,142
31730,27332.664,143
31730,26815.352,143
31730,26936.68,142
31730,26182.624,142
31730,26677.604,142
31730,27646.784,143
31730,27423.444,143
31730,27545.484,142
31730,26966.544,142
31730,27069.308,141
31730,27686.74,142
31730,27332.796,141
31730,27335.508,142
31730,26431.784,142
31730,27435.948,142
31730,26803.104,142
31730,27319.688,142
31730,27191.916,143
31730,27472.912,141
31730,27576.404,142
31730,26693.708,143
31730,26072.32,142
31730,27325.232,141
31730,27473.108,140
31730,27232.24,142
31730,27077.54,141
31730,26811.1,141
31730,27069.572,142
31730,27342.192,141
31730,27055.964,142
31730,27180.36,142
31730,27557.656,142
31730,27067.54,142
31730,27222.384,141
31730,27092.556,140
31730,28460.944,142
31730,27703.788,143
31730,27724.016,143
31730,26565.932,140
31730,26335.716,140
31730,26960.964,143
31730,27212.8,143
31730,26815.608,141
31730,27431.408,142
31730,27581.412,142
31730,26067.288,142
31730,26543.052,141
31730,25531.752,142
31730,26529.02,141
31730,27173.364,141
31730,26663.632,142
31730,26194.964,142
31730,27180.776,142
31730,27923.624,142
31730,28438.308,143
31730,27929.868,142
31730,26845.012,142
31730,27840.248,142
31730,26697.02,142
31730,27464.656,141
31730,26325.452,142
31730,27551.76,142
31730,27074.904,142
31730,26941.408,142
31730,27580.948,141
31730,27820.652,142
31730,27963.088,143
31730,26939.652,143
31730,25680.764,142
31730,27824.008,142
31730,27337.096,141
31730,27836.108,141
31730,28475.34,140
31730,27223.244,141
31730,26956.184,142
31730,27196.92,142
31730,28197.684,141
31730,26958.176,142
31730,26982.964,141
31730,27057.212,142
31730,27213.248,141
31730,27166.788,141
31730,27668.32,143
31730,27708.944,143
31730,27722.208,142
31730,28858.576,143
31730,29601.168,143
31730,27702.488,141
31730,27084.104,142
31730,26559.36,142
31730,27684.624,142
31730,27550.192,140
31730,27169.28,142
31730,26828.74,141
31730,27449.992,142
31730,26567.592,141
31730,27421.028,142
31730,27162.572,141
31730,27306.072,143
31730,26842.292,142
31730,27593.348,142
31730,26811.104,141
31730,26814.612,140
31730,26028.148,141
31730,26639.74,142
31730,27119.42,141
31730,27516.688,142
31730,27005.04,141
31730,27758.308,142
31730,27901.912,142
31730,28360.08,142
31730,27636.268,141
31730,28405.772,142
31730,28658.98,143
31730,28402.684,142
31730,29055.48,142
31730,28810.988,143
31730,28553.94,142
31730,27686.756,142
31730,26667.496,142
31730,28050.772,141
31730,28321.016,142
31730,28196.368,142
31730,27936.6,143
31730,27837.66,141
31730,27091.62,140
31730,26732.888,142
31730,27095.94,142
31730,26466.176,142
31730,26714.032,143
31730,26702.668,142
31730,26940.48,143
31730,26910.024,142
31730,25971.616,142
31730,26755.888,142
31730,27017.884,142
31730,27804.696,142
31730,26547.168,142
31730,26837.012,143
31730,26981.9,142
31730,26961.932,141
31730,28084.716,143
31730,27203.0,141
31730,26974.012,141
31730,26200.964,141
31730,25816.848,141
31730,25964.98,141
31730,26080.24,142
31730,27687.168,142
31730,27554.828,140
31730,28445.74,142
31730,27444.652,142
31730,26444.812,141
31730,28216.088,142
31730,27714.388,142
31730,26451.824,142
31730,27455.236,140
31730,26708.508,142
31730,27214.436,142
31730,26848.04,143
31730,27806.388,143
31730,27171.852,141
31730,27418.5,142
31730,26925.992,143
31730,27800.068,143
31730,27409.132,142
31730,28263.4,143
31730,28418.492,142
31730,27674.324,142
31730,27152.032,142
31730,27144.728,143
31730,27665.812,142
31730,27543.556,142
31730,27412.368,142
31730,27314.764,140
31730,27575.096,142
31730,28235.572,141
31730,28744.212,142
31730,28601.86,142
31730,28358.064,142
31730,27955.02,142
31730,28275.624,142
31730,28206.492,139
31730,27727.16,142
31730,27234.544,142
31730,27449.456,142
31730,28069.052,142
31730,27548.62,142
31730,27188.804,143
31730,26424.704,142
31730,26429.24,141
31730,27440.34,142
31730,27075.056,141
31730,26932.076,141
31730,25894.204,142
31730,27027.82,141
31730,28048.216,142
31730,27549.168,142
31730,26941.072,141
31730,26923.816,142
31730,27574.532,142
31730,28593.68,142
31730,27601.48,140
31730,27364.152,142
31730,27478.132,142
31730,28115.556,142
31730,28251.348,142
31730,27121.932,141
31730,26995.488,142
31730,26315.268,140
31730,26448.552,142
31730,26698.968,141
31730,27336.916,142
31730,27848.764,142
31730,27722.688,142
31730,28242.724,143
31730,27245.336,141
31730,26845.344,142
31730,25338.652,140
31730,25715.752,141
31730,25316.464,142
31730,25553.84,142
31730,26823.584,141
31730,27202.768,142
31730,28210.116,142
31730,27586.948,142
31730,28071.872,142
31730,28320.776,142
31730,28057.072,142
31730,27555.592,143
31730,27198.096,143
31730,27799.744,142
31730,28048.844,142
31730,26789.076,142
31730,27415.604,142
31730,27009.344,142
31730,27680.592,142
31730,26967.392,142
31730,27448.096,140
31730,27061.804,142
31730,26844.692,143
31730,26187.0,142
31730,24045.084,142
31730,25303.892,142
31730,25896.264,143
31730,26918.488,142
31730,27912.524,142
31730,26560.856,143
31730,26042.224,142
31730,26177.484,142
31730,26288.652,142
31730,26544.116,142
31730,25801.0,142
31730,26060.264,140
31730,27298.544,142
31730,27018.044,142
31730,26060.436,142
31730,25445.844,142
31730,25686.476,141
31730,27320.86,142
31730,27544.26,141
31730,27439.932,142
31730,27927.44,142
31730,28199.484,141
31730,28207.984,141
31730,27445.66,142
31730,26052.112,142
31730,26153.088,143
31730,27386.676,142
31730,27147.392,142
31730,27401.068,142
31730,27537.48,142
31730,27159.096,142
31730,27514.928,142
31730,28377.492,142
31730,28028.82,142
31730,27262.684,143
31730,26516.016,141
31730,26410.58,141
31730,27533.352,142
31730,28024.376,141
31730,29303.736,142
31730,28190.148,142
31730,28334.768,142
31730,27700.84,143
31730,27719.664,142
31730,27588.82,141
31730,27190.236,142
31730,27925.636,143
31730,27810.14,142
31730,27050.728,140
31730,26946.44,141
31730,26547.404,143
31730,27269.532,143
31730,26804.456,143
31730,26773.416,143
31730,27280.356,142
31730,27438.032,142
31730,27692.964,141
31730,27469.832,142
31730,27936.856,141
31730,28202.896,142
31730,28825.032,141
31730,29083.612,142
31730,28179.204,142
31730,28709.72,142
31730,28811.104,142
31730,27326.4,142
31730,27112.056,143
31730,27605.324,142
31730,27078.164,142
31730,27216.132,141
31730,27839.92,142
31730,28442.84,142
31730,29308.556,143
31730,28574.2,143
31730,27831.172,142
31730,26950.684,141
31730,26944.844,141
31730,27444.476,142
31730,27337.772,141
31730,27325.52,142
31730,28219.348,141
31730,27595.368,143
31730,27075.804,142
31730,28099.412,142
31730,28483.712,142
31730,28339.988,142
31730,27581.68,143
31730,28089.052,142
31730,27730.636,142
31730,28360.1,143
31730,28744.008,142
31730,27083.796,142
31730,26841.092,143
31730,26933.196,141
31730,26445.152,141
31730,27684.552,141
31730,27577.44,142
31730,26705.9,142
31730,26936.3,142
31730,27071.64,142
31730,28579.552,142
31730,28429.332,142
31730,28676.304,142
31730,28560.728,143
31730,28207.08,141
31730,27573.524,142
31730,27569.892,143
31730,28056.548,143
31730,26450.508,140
31730,27180.044,142
31730,26406.62,141
31730,28028.28,141
31730,27529.432,141
31730,27924.596,142
31730,27427.436,142
31730,27576.328,142
31730,27224.952,142
31730,27079.484,142
31730,27588.844,142
31730,27187.76,142
31730,28067.672,142
31730,27953.272,142
31730,27555.712,141
31730,27171.18,141
31730,26065.228,141
31730,26422.564,142
31730,25921.52,142
31730,26540.076,140
31730,26523.416,140
31730,27159.224,141
31730,27307.38,141
31730,27444.128,142
31730,28439.44,142
31730,27201.912,143
31730,26948.62,140
31730,27054.008,141
31730,28304.396,142
31730,27539.5,140
31730,27429.34,143
31730,27143.512,141
31730,27304.056,142
31730,25927.94,141
31730,27171.28,142
31730,27924.844,142
31730,27289.896,142
31730,26527.588,141
31730,26680.324,142
31730,26411.164,141
31730,26144.208,143
31730,26666.012,142
31730,27182.804,141
31730,26034.068,142
31730,26656.668,142
31730,27034.032,141
31730,26064.304,142
31730,26802.32,143
31730,27317.904,142
31730,27698.804,141
31730,27692.492,142
31730,28327.504,143
31730,28501.752,143
31730,28985.264,142
31730,28490.628,142
31730,29130.612,142
31730,28850.644,141
31730,27600.196,141
31730,27597.996,142
31730,26720.54,141
31730,26825.388,142
31730,27488.252,141
31730,26843.996,141
31730,27080.668,142
31730,28322.06,142
31730,26930.464,142
31730,28289.952,143
31730,28586.916,142
31730,27974.868,142
31730,28584.856,142
31730,27713.376,142
31730,28338.036,142
31730,28328.196,143
31730,27313.78,142
31730,27047.196,143
31730,27570.872,142
31730,28323.62,142
31730,27698.412,140
31730,27690.808,141
31730,26928.116,141
31730,26574.02,142
31730,27081.536,143
31730,27184.708,142
31730,28280.68,143
31730,29789.088,143
31730,29063.26,143
31730,28568.468,141
31730,28720.868,143
31730,28604.568,143
31730,28193.916,142
31730,27461.128,143
31730,28328.912,143
31730,27816.648,140
31730,27600.212,142
31730,26718.796,141
31730,27061.936,141
31730,27560.132,142
31730,28864.248,141
31730,28889.128,143
31730,28120.944,142
31730,27984.24,142
31730,28230.484,143
31730,27829.596,141
31730,27451.324,142
31730,26453.484,141
31730,26835.768,143
31730,27182.568,143
31730,25793.28,141
31730,26300.472,142
31730,25819.468,142
31730,26908.296,142
31730,26658.364,141
31730,25561.924,141
31730,25923.972,141
31730,26561.664,141
31730,27437.436,142
31730,26786.9,142
31730,27535.668,142
31730,27295.604,141
31730,27648.056,141
31730,28426.404,142
31730,27925.028,142
31730,27939.652,141
31730,26928.46,142
31730,26667.448,141
31730,27528.996,141
31730,27550.736,142
31730,26428.072,141
31730,26289.62,142
31730,27163.16,140
31730,27448.484,142
31730,27702.912,142
31730,28865.504,142
31730,28555.856,140
31730,28069.864,142
31730,27814.288,143
31730,28290.06,142
31730,27278.944,143
31730,28405.9,143
31730,27682.584,142
31730,27319.036,142
31730,27663.592,140
31730,26883.596,142
31730,25991.532,141
31730,25397.3,141
31730,25174.976,142
31730,27040.74,142
31730,26283.616,142
31730,25677.584,142
31730,26384.088,142
31730,27752.288,141
31730,27649.776,142
31730,27684.9,142
31730,28411.172,142
31730,27008.94,142
31730,26509.1,142
31730,26890.232,142
31730,27379.272,142
31730,27277.912,142
31730,27312.244,142
31730,27821.988,142
31730,29689.136,141
31730,28683.308,142
31730,27906.108,142
31730,27544.924,141
31730,27507.172,141
31730,26900.428,142
31730,26393.22,141
31730,26525.78,142
31730,27301.272,142
31730,27548.352,142
31730,26910.3,142
31730,26413.152,142
31730,26779.556,141
31730,27395.864,142
31730,27782.364,141
31730,26909.132,142
31730,27792.856,142
31730,27799.888,142
31730,27319.916,143
31730,27714.36,142
31730,27687.364,141
31730,29060.736,143
31730,27943.832,143
31730,27194.44,143
31730,26848.616,141
31730,28230.28,142
31730,28360.676,143
31730,28383.572,141
31730,27239.784,142
31730,26475.22,142
31730,27096.28,142
31730,27086.076,140
31730,27098.248,142
31730,28073.072,141
31730,28451.14,143
31730,27433.124,141
31730,27807.04,141
31730,27965.112,142
31730,27571.472,143
31730,27196.104,142
31730,27468.58,142
31730,26945.288,142
31730,27033.844,141
31730,27029.708,141
31730,26561.084,141
31730,26669.756,143
31730,26158.756,142
31730,27075.516,142
31730,26189.996,142
31730,27187.54,142
31730,27656.372,142
31730,27184.056,141
31730,28174.96,141
31730,27963.156,142
31730,29340.82,142
31730,27319.328,142
31730,27333.632,142
31730,26696.936,141
31730,28161.48,142
31730,28437.084,142
31730,27701.296,140
31730,27201.348,142
31730,28459.296,142
31730,28087.476,141
31730,27664.456,141
31730,27790.784,143
31730,27793.4,141
31730,27015.524,143
31730,26141.96,142
31730,26997.952,142
31730,26770.796,142
31730,26383.916,142
31730,26648.644,140
31730,26476.76,142
31730,26863.168,140
31730,25608.696,141
31730,25490.352,141
31730,24628.364,140
31730,25609.512,143
31730,26772.068,141
31730,26918.148,142
31730,27664.564,141
31730,28039.468,143
31730,27940.348,142
31730,27317.828,142
31730,26787.772,142
31730,28036.276,141
31730,28076.088,140
31730,28234.276,142
31730,27862.88,143
31730,27338.828,142
31730,27210.796,142
31730,27851.08,142
31730,27921.072,142
31730,27162.62,142
31730,25743.832,141
31730,25524.384,142
31730,26793.876,142
31730,25943.696,142
31730,27594.444,143
31730,27966.78,142
31730,28091.948,142
31730,27568.184,142
31730,26185.3,142
31730,26802.112,142
31730,27548.652,143
31730,27795.1,143
31730,27894.828,142
31730,27518.984,142
31730,27379.168,142
31730,26023.616,142
31730,27035.716,143
31730,27540.624,142
31730,27552.048,143
31730,26936.6,143
31730,28028.228,143
31730,27926.9,141
31730,27211.504,141
31730,26050.816,142
31730,25290.068,142
31730,26055.7,139
31730,26718.544,142
31730,27975.184,142
31730,27817.564,142
31730,28213.824,142
31730,27216.096,141
31730,27687.372,140
31730,26922.044,142
31730,26821.268,142
31730,27842.9,142
31730,28202.964,142
31730,27953.968,140
31730,27933.024,141
31730,25404.66,142
31730,25060.136,141
31730,26170.168,142
31730,27417.392,143
31730,27557.144,141
31730,28067.06,142
31730,27832.524,142
31730,27578.444,141
31730,27071.724,141
31730,26819.952,141
31730,25550.192,143
31730,26305.084,142
31730,25799.344,142
31730,25794.76,142
31730,26327.22,142
31730,26673.904,142
31730,26473.936,142
31730,26966.568,143
31730,26585.464,141
31730,27333.596,142
31730,27962.68,142
31730,27719.392,143
31730,27455.616,142
31730,26315.532,142
31730,26965.192,142
31730,27692.696,142
31730,26671.74,142
31730,27653.356,143
31730,27660.76,142
31730,27677.892,142
31730,26662.044,141
31730,26043.764,142
31730,24796.716,142
31730,24781.264,142
31730,25271.136,142
31730,25769.672,140
31730,26804.24,142
31730,26161.34,143
31730,27324.672,142
31730,27842.044,142
31730,28984.236,142
31730,27489.192,142
31730,28374.248,141
31730,27722.732,142
31730,28315.472,141
31730,27362.46,141
31730,27388.276,143
31730,26232.384,140
31730,26587.104,142
31730,26953.984,141
31730,27820.852,142
31730,27790.736,143
31730,28078.328,142
31730,27331.504,142
31730,26841.604,142
31730,26722.524,141
31730,26722.604,141
31730,28107.968,142
31730,28467.256,142
31730,27595.704,141
31730,27979.968,143
31730,27993.948,143
31730,27222.868,142
31730,26472.312,142
31730,25950.376,142
31730,27221.112,142
31730,26585.188,142
31730,27333.068,142
31730,26955.548,142
31730,26431.164,142
31730,25913.024,141
31730,26932.344,141
31730,27039.452,142
31730,27686.032,143
31730,27878.328,142
31730,27456.216,141
31730,27442.24,142
31730,27552.532,142
31730,27183.4,143
31730,27295.476,143
31730,27914.432,142
31730,26939.576,142
31730,25817.528,142
31730,25944.664,143
31730,26711.232,142
31730,27791.884,142
31730,26763.512,140
31730,26438.608,143
31730,26197.94,142
31730,25916.524,141
31730,26779.352,142
31730,27522.976,141
31730,26541.0,142
31730,26669.756,143
31730,28062.632,142
31730,28932.832,142
31730,27687.144,143
31730,27947.872,142
31730,27957.152,142
31730,27216.532,141
31730,26939.312,141
31730,27419.128,143
31730,27061.732,142
31730,28077.324,142
31730,27580.512,142
31730,27095.488,142
31730,26569.524,142
31730,26823.708,141
31730,27787.096,142
31730,26891.336,141
31730,26896.164,141
31730,26030.076,143
31730,25260.268,142
31730,26370.036,143
31730,26986.38,142
31730,27498.156,141
31730,28358.104,143
31730,27900.224,142
31730,28637.2,142
31730,28402.208,142
31730,28016.06,142
31730,27526.996,142
31730,27545.52,142
31730,28569.82,142
31730,28055.032,141
31730,27432.328,143
31730,27678.592,142
31730,27453.052,142
31730,26684.072,141
31730,27570.824,142
31730,26442.18,141
31730,25795.696,142
31730,26025.236,142
31730,26893.956,140
31730,27023.868,142
31730,26783.364,142
31730,27324.152,141
31730,25832.696,142
31730,26458.944,143
31730,27438.944,142
31730,26528.856,142
31730,26292.824,142
31730,26560.724,142
31730,26456.88,142
31730,27458.616,142
31730,27926.048,143
31730,28562.904,142
31730,27691.836,143
31730,28160.792,142
31730,28793.016,143
31730,27283.78,141
31730,26427.22,142
31730,26552.364,142
31730,26778.728,142
31730,26276.652,140
31730,26925.952,142
31730,26933.728,141
31730,27405.892,141
31730,27780.372,142
31730,27896.368,143
31730,26405.456,141
31730,26645.616,142
31730,27525.556,142
31730,26100.608,142
31730,26642.1,141
31730,26026.252,140
31730,26528.624,141
31730,26281.316,142
31730,27816.476,142
31730,28306.752,143
31730,28298.84,142
31730,26816.3,142
31730,28433.94,143
31730,28956.42,141
31730,27432.744,141
31730,27833.188,141
31730,26710.236,142
31730,27199.912,143
31730,26940.772,141
31730,26451.484,141
31730,26940.232,141
31730,26565.036,142
31730,27544.656,141
31730,27792.076,142
31730,27033.808,142
31730,27903.284,141
31730,26893.824,142
31730,28507.036,142
31730,28021.008,142
31730,27409.804,141
31730,26292.98,143
31730,27305.892,141
31730,27422.56,142
31730,27036.9,142
31730,27309.324,143
31730,28098.752,140
31730,27840.12,141
31730,26447.984,142
31730,26457.724,141
31730,27426.12,143
31730,28576.236,142
31730,28317.304,142
31730,27952.692,142
31730,27556.312,143
31730,27437.944,143
31730,27607.552,142
31730,27465.896,142
31730,27195.572,141
31730,27430.684,142
31730,27081.736,143
31730,27847.236,141
31730,28365.92,141
31730,27362.252,142
31730,27477.524,143
31730,27714.1,142
31730,27603.456,142
31730,28596.636,142
31730,27845.192,142
31730,26972.296,142
31730,26576.56,142
31730,27453.756,141
31730,27479.164,142
31730,27477.004,142
31730,26720.216,142
31730,27097.716,142
31730,27218.232,143
31730,26710.7,142
31730,27592.84,141
31730,28192.172,142
31730,28700.316,142
31730,28066.84,142
31730,28575.52,142
31730,28196.924,142
31730,27809.196,141
31730,27968.072,142
31730,27316.28,143
31730,26789.324,141
31730,26646.856,142
31730,27642.472,141
31730,27641.584,142
31730,27791.644,142
31730,27172.728,143
31730,27953.412,141
31730,26934.272,142
31730,27557.48,142
31730,28928.748,143
31730,28825.988,142
31730,28458.936,142
31730,28705.176,143
31730,27940.828,141
31730,27201.64,142
31730,27301.992,142
31730,27301.148,140
31730,27061.492,142
31730,27390.144,143
31730,28042.244,142
31730,28051.5,141
31730,27553.064,142
31730,27325.98,141
31730,26437.904,142
31730,26421.38,142
31730,26427.664,142
31730,26762.852,142
31730,26899.284,141
31730,27031.196,142
31730,28039.392,143
31730,29163.656,143
31730,29315.824,141
31730,28807.14,141
31730,27558.408,141
31730,27557.256,141
31730,27294.092,143
31730,26291.98,142
31730,26065.708,142
31730,26056.984,141
31730,26429.516,142
31730,28831.688,142
31730,28079.892,141
31730,27955.092,142
31730,28467.9,142
31730,27724.308,142
31730,26961.204,142
31730,27069.476,142
31730,28584.504,141
31730,29327.584,142
31730,28948.376,141
31730,27487.612,142
31730,27464.288,142
31730,27844.116,143
31730,27205.804,142
31730,26833.652,143
31730,26842.352,142
31730,27081.708,140
31730,26851.932,143
31730,26348.812,141
31730,26579.756,142
31730,26838.684,142
31730,27354.884,142
31730,27110.556,142
31730,26978.088,143
31730,27215.648,141
31730,26433.36,142
31730,25685.428,142
31730,26185.452,142
31730,27173.112,142
31730,27484.844,141
31730,26981.46,141
31730,26096.232,141
31730,26197.672,139
31730,28322.632,142
31730,28068.752,142
31730,27943.484,143
31730,27718.94,142
31730,27839.172,142
31730,27820.44,142
31730,27201.788,141
31730,26674.88,143
31730,27284.896,142
31730,26890.66,142
31730,26126.696,141
31730,27502.396,142
31730,28008.088,142
31730,27762.624,143
31730,28173.104,143
31730,28796.936,143
31730,28176.76,142
31730,28322.936,142
31730,27607.324,141
31730,27602.356,143
31730,26983.5,142
31730,26338.384,142
31730,26067.556,142
31730,27327.996,142
31730,26710.632,142
31730,26829.924,142
31730,26934.152,142
31730,26804.024,142
31730,26079.06,142
31730,26200.272,142
31730,26958.644,143
31730,26715.484,142
31730,26975.444,143
31730,27101.212,142
31730,27868.724,142
31730,27110.928,141
31730,27221.928,143
31730,27828.984,142
31730,27810.052,142
31730,28450.612,142
31730,27577.392,142
31730,27214.824,142
31730,27949.848,143
31730,27453.64,143
31730,27701.68,141
31730,27567.308,142
31730,28321.46,143
31730,28336.696,142
31730,28566.308,141
31730,28489.42,142
31730,28621.992,142
31730,28101.66,142
31730,27856.724,141
31730,27208.896,141
31730,27832.18,141
31730,27469.152,142
31730,26581.908,142
31730,26584.816,143
31730,26319.004,142
31730,26172.012,141
31730,26933.668,142
31730,26174.62,142
31730,26423.124,142
31730,26958.32,142
31730,27701.576,142
31730,28971.004,142
31730,27820.152,142
31730,26431.344,141
31730,26521.512,142
31730,26757.248,142
31730,27145.22,141
31730,28028.264,142
31730,26923.328,141
31730,26895.712,143
31730,27393.176,142
31730,27920.068,142
31730,28202.444,142
31730,28450.288,142
31730,26821.556,140
31730,27418.78,143
31730,26787.032,142
31730,26846.488,141
31730,27001.024,142
31730,27283.46,142
31730,27702.356,142
31730,28438.744,143
31730,27709.448,141
31730,27976.944,141
31730,27108.088,140
31730,27465.24,142
31730,26309.324,142
31730,26194.524,142
31730,26720.268,142
31730,26469.988,140
31730,26327.096,142
31730,26826.26,142
31730,27433.792,141
31730,27437.564,141
31730,26820.968,142
31730,27039.948,141
31730,27787.112,142
31730,28417.38,142
31730,27922.86,142
31730,28575.696,142
31730,28834.44,141
31730,27058.684,142
31730,26567.496,142
31730,25436.624,142
31730,26935.116,142
31730,27943.424,142
31730,27807.572,142
31730,27143.124,142
31730,27162.096,140
31730,27443.712,142
31730,27439.42,143
31730,26920.944,142
31730,26560.0,141
31730,27066.68,142
31730,26674.416,142
31730,25788.612,142
31730,26418.096,142
31730,26657.968,142
31730,25911.468,142
31730,27036.308,140
31730,27547.308,141
31730,26298.888,139
31730,27175.184,141
31730,27418.572,142
31730,27532.156,142
31730,28315.628,142
31730,27455.812,142
31730,28345.936,141
31730,28363.796,142
31730,28731.444,141
31730,28760.524,142
31730,27848.44,142
31730,28216.016,140
31730,28255.672,142
31730,27850.9,143
31730,27727.524,142
31730,28100.944,142
31730,27713.204,142
31730,27081.936,142
31730,26821.324,141
31730,26579.644,140
31730,26582.4,142
31730,27441.336,143
31730,27574.44,143
31730,26813.008,142
31730,28464.16,141
31730,28600.344,142
31730,29085.952,143
31730,29830.708,141
31730,27064.116,142
31730,27523.132,142
31730,26809.632,142
31730,27313.2,142
31730,27542.592,142
31730,27701.676,142
31730,26410.972,142
31730,27304.628,142
31730,28068.164,143
31730,27290.944,141
31730,25795.156,142
31730,26805.144,142
31730,26927.876,141
31730,27174.876,142
31730,27210.52,140
31730,27304.624,142
31730,27719.912,143
31730,28722.148,143
31730,28595.236,142
31730,27724.532,142
31730,27470.252,142
31730,26306.972,142
31730,27035.896,143
31730,26417.376,142
31730,26017.188,142
31730,26027.608,143
31730,26363.168,141
31730,26601.916,141
31730,26895.54,142
31730,27368.64,142
31730,27498.228,142
31730,27243.756,142
31730,27539.436,141
31730,28167.108,142
31730,27955.184,141
31730,27355.04,142
31730,26462.596,142
31730,26550.304,142
31730,26793.664,140
31730,26400.8,141
31730,25540.484,142
31730,27179.284,142
31730,28330.308,142
31730,27556.744,142
31730,27513.668,142
31730,28667.656,141
31730,28685.472,143
31730,28312.072,143
31730,29044.904,140
31730,28168.344,142
31730,28923.432,142
31730,27922.1,142
31730,27774.144,142
31730,27019.828,142
31730,27431.716,141
31730,26702.164,142
31730,28469.168,142
31730,28984.228,142
31730,28848.132,143
31730,27932.692,141
31730,27886.88,139
31730,27656.06,142
31730,27920.212,141
31730,28569.392,142
31730,27424.368,141
31730,27575.968,142
31730,27959.696,141
31730,28086.596,142
31730,27059.984,142
31730,26797.624,142
31730,26433.2,142
31730,25663.344,142
31730,26149.592,140
31730,26658.396,142
31730,27399.404,143
31730,28164.66,142
31730,27311.928,141
31730,27055.46,142
31730,26547.92,140
31730,26950.812,143
31730,27292.192,143
31730,28947.516,142
31730,27954.156,143
31730,27446.972,142
31730,27838.724,142
31730,28461.196,141
31730,28044.044,142
31730,27945.724,141
31730,27100.72,142
31730,27831.32,142
31730,27689.06,141
31730,27316.484,143
31730,27213.428,142
31730,27202.548,141
31730,26811.696,140
31730,26817.64,142
31730,27809.3,143
31730,27047.044,142
31730,28198.388,141
31730,27463.664,140
31730,26684.06,142
31730,26952.732,142
31730,26823.264,142
31730,26076.636,142
31730,26681.928,142
31730,27409.152,140
31730,26052.448,142
31730,25703.972,142
31730,26903.512,141
31730,26422.452,142
31730,27805.696,142
31730,28024.224,142
31730,26898.668,140
31730,27657.372,142
31730,27259.768,142
31730,28139.76,142
31730,28530.632,142
31730,28296.216,141
31730,27178.172,142
31730,27313.328,142
31730,26158.472,142
31730,26894.744,142
31730,27045.564,141
31730,27821.46,141
31730,26923.5,142
31730,26647.908,142
31730,26918.9,141
31730,26261.728,142
31730,27804.144,143
31730,27910.876,142
31730,28324.316,143
31730,28822.932,143
31730,27544.868,142
31730,27567.636,142
31730,27783.652,143
31730,27783.004,141
31730,27689.516,142
31730,27950.352,141
31730,27354.228,142
31730,27196.032,141
31730,26952.512,142
31730,26571.604,142
31730,27068.156,143
31730,27804.924,142
31730,26682.216,142
31730,27154.584,142
31730,28012.136,143
31730,27290.628,142
31730,27025.076,141
31730,26634.896,141
31730,27641.384,141
31730,26978.416,142
31730,26645.044,142
31730,27676.76,143
31730,27160.928,142
31730,26923.084,142
31730,26417.496,142
31730,26675.244,141
31730,27420.296,142
31730,28417.476,141
31730,28032.296,141
31730,26176.232,142
31730,25440.268,141
31730,26674.192,142
31730,27142.432,142
31730,25402.772,142
31730,25674.252,141
31730,26166.824,142
31730,26280.536,142
31730,26303.812,141
31730,27056.756,141
31730,25809.832,142
31730,26697.908,141
31730,27587.308,141
31730,28215.864,141
31730,27966.784,142
31730,28220.856,142
31730,28081.6,142
31730,27810.528,140
31730,27722.44,141
31730,27706.776,142
31730,27833.372,142
31730,26836.872,141
31730,27330.94,142
31730,26469.824,142
31730,27462.904,143
31730,26827.252,142
31730,25807.664,141
31730,25685.484,142
31730,27173.172,143
31730,27278.408,142
31730,27067.788,141
31730,26822.804,141
31730,27704.884,142
31730,27068.26,143
31730,26800.988,141
31730,26890.892,141
31730,25768.668,141
31730,25639.972,142
31730,26259.584,142
31730,26667.232,142
31730,26782.496,142
31730,26660.736,142
31730,26772.808,141
31730,27493.252,143
31730,27225.404,142
31730,27239.548,142
31730,27142.408,142
31730,27879.188,142
31730,26875.408,142
31730,26857.108,142
31730,27131.216,141
31730,28398.668,142
31730,27172.328,142
31730,28173.864,142
31730,28448.372,142
31730,28199.88,141
31730,27558.804,141
31730,28037.112,141
31730,27658.028,142
31730,27652.496,140
31730,26554.176,142
31730,27033.324,142
31730,27048.748,142
31730,26167.272,142
31730,26271.86,142
31730,25533.984,142
31730,25397.944,141
31730,26066.672,140
31730,26968.88,140
31730,27086.236,142
31730,27194.304,141
31730,27662.74,142
31730,27409.52,142
31730,28295.224,143
31730,26928.06,141
31730,27038.724,143
31730,26927.868,141
31730,27452.52,142
31730,29056.464,142
31730,29176.072,142
31730,28087.928,142
31730,27833.164,142
31730,28189.86,141
31730,27826.992,142
31730,27850.388,141
31730,27214.076,142
31730,28050.856,142
31730,27699.544,140
31730,27943.108,142
31730,26273.116,142
31730,26417.356,142
31730,26308.824,142
31730,26909.368,139
31730,27427.628,142
31730,27184.352,141
31730,27090.14,142
31730,27317.984,143
31730,26792.896,140
31730,27887.768,142
31730,27645.688,141
31730,27112.364,142
31730,27010.576,141
31730,26771.048,141
31730,26686.26,141
31730,26697.184,141
31730,25563.752,141
31730,26570.044,143
31730,27193.228,142
31730,27321.564,142
31730,27068.672,142
31730,27429.544,141
31730,27050.304,142
31730,27189.276,142
31730,28684.436,143
31730,26567.592,141
31730,25660.608,143
31730,27528.576,143
31730,28044.76,142
31730,28543.128,142
31730,28293.588,140
31730,27308.436,141
31730,27701.144,142
31730,27857.168,142
31730,27234.624,142
31730,27748.984,143
31730,27596.992,142
31730,26957.052,141
31730,26560.892,142
31730,27408.684,142
31730,27391.188,140
31730,27917.356,142
31730,28433.464,141
31730,28307.152,142
31730,27693.488,141
31730,26925.016,139
31730,27044.136,139
31730,27079.936,141
31730,26444.276,141
31730,26824.668,143
31730,28463.308,141
31730,28711.156,143
31730,27617.988,142
31730,27727.604,142
31730,28229.336,142
31730,27374.184,142
31730,27493.388,143
31730,28230.58,143
31730,26981.9,142
31730,28850.776,142
31730,27600.0,141
31730,28120.784,142
31730,28359.988,143
31730,28096.592,141
31730,27954.924,143
31730,28349.808,141
31730,28748.328,142
31730,27330.496,142
31730,27591.968,142
31730,28446.104,143
31730,28542.376,143
31730,26930.232,142
31730,28306.256,141
31730,27951.004,142
31730,28111.628,142
31730,28606.336,143
31730,28439.064,142
31730,27933.344,142
31730,27211.676,141
31730,27218.668,142
31730,26838.568,141
31730,25690.712,142
31730,27448.084,142
31730,27067.764,143
31730,28463.432,143
31730,26721.812,142
31730,26078.312,142
31730,26558.808,141
31730,27422.412,143
31730,27411.644,142
31730,27055.736,142
31730,27416.144,141
31730,28030.92,141
31730,27047.136,142
31730,26943.456,138
31730,28710.096,142
31730,28347.304,142
31730,28576.4,142
31730,27710.128,142
31730,27970.1,141
31730,26947.796,142
31730,26835.536,143
31730,26941.516,142
31730,27692.144,143
31730,27592.288,142
31730,27973.464,142
31730,27355.136,141
31730,28081.296,142
31730,27244.512,143
31730,26988.108,142
31730,27594.56,142
31730,26229.112,142
31730,25860.212,141
31730,25979.98,142
31730,27333.212,142
31730,27287.476,141
31730,27295.328,141
31730,27781.668,141
31730,27416.72,142
31730,27298.244,140
31730,26911.708,142
31730,27681.488,142
31730,27979.824,140
31730,27851.068,141
31730,27229.944,142
31730,28600.888,142
31730,27602.416,142
31730,26101.416,140
31730,25438.836,142
31730,26313.468,141
31730,26066.408,142
31730,27940.504,142
31730,27441.9,141
31730,27077.204,142
31730,27213.984,142
31730,27193.304,142
31730,27695.9,143
31730,27835.876,142
31730,27834.98,143
31730,27433.044,142
31730,27829.572,142
31730,27707.2,142
31730,26413.028,141
31730,28154.32,142
31730,27412.74,142
31730,28440.64,142
31730,27568.948,142
31730,27426.02,142
31730,27561.344,142
31730,26931.896,141
31730,27824.596,141
31730,27963.052,142
31730,26825.428,142
31730,27213.744,141
31730,28559.512,141
31730,29066.304,142
31730,28937.908,141
31730,28567.532,140
31730,27196.28,142
31730,27711.776,142
31730,28216.576,143
31730,27947.196,142
31730,27067.74,142
31730,27572.928,142
31730,26574.38,142
31730,27450.872,142
31730,26579.752,142
31730,26591.088,142
31730,27586.924,142
31730,27955.928,143
31730,26560.972,141
31730,26793.608,142
31730,26555.492,143
31730,26163.628,142
31730,26178.348,142
31730,27150.672,139
31730,26789.64,142
31730,26631.904,142
31730,25396.432,141
31730,25597.524,141
31730,26475.596,140
31730,26218.608,142
31730,27706.192,142
31730,27601.156,141
31730,26228.132,142
31730,26475.328,142
31730,27406.276,140
31730,26300.092,142
31730,25817.012,142
31730,27423.016,141
31730,28028.816,142
31730,27918.484,142
31730,27680.588,142
31730,27149.448,143
31730,27540.452,141
31730,28815.68,142
31730,27935.636,142
31730,26796.604,141
31730,27097.696,142
31730,27970.332,143
31730,27210.488,143
31730,28308.812,142
31730,27402.76,142
31730,27527.004,141
31730,26913.92,141
31730,25818.124,142
31730,26811.584,142
31730,26182.632,142
31730,26949.688,140
31730,27182.864,142
31730,27167.596,142
31730,27652.904,142
31730,28148.672,142
31730,26908.012,143
31730,27036.352,143
31730,28451.244,143
31730,28720.008,142
31730,28364.756,142
31730,27956.748,142
31730,28446.028,141
31730,28064.364,142
31730,29072.008,142
31730,28812.588,141
31730,27354.276,142
31730,26978.736,142
31730,26735.34,142
31730,28341.376,142
31730,27970.904,142
31730,28197.612,142
31730,27641.28,143
31730,28550.432,141
31730,27798.444,142
31730,27578.24,143
31730,28552.44,143
31730,26575.864,142
31730,26436.644,141
31730,26440.452,142
31730,25829.404,141
31730,27185.64,140
31730,26558.552,141
31730,26836.404,142
31730,27206.276,142
31730,28224.604,142
31730,28220.724,141
31730,28603.432,142
31730,28353.92,142
31730,28344.22,142
31730,28597.292,142
31730,28488.508,141
31730,27824.488,140
31730,27427.792,141
31730,27959.944,141
31730,28211.684,143
31730,28091.696,142
31730,27870.132,142
31730,28359.992,142
31730,27994.544,142
31730,28100.572,143
31730,26933.816,142
31730,27895.36,142
31730,28060.192,142
31730,27265.672,141
31730,27684.2,142
31730,27440.804,141
31730,26955.62,142
31730,26104.452,142
31730,27086.02,141
31730,26700.56,141
31730,27065.312,141
31730,28057.292,142
31730,27815.968,142
31730,27312.54,142
31730,27841.136,142
31730,27823.96,142
31730,28420.912,142
31730,28781.972,143
31730,29299.908,142
31730,28068.932,142
31730,28726.968,142
31730,29227.796,142
31730,29113.168,142
31730,28846.136,142
31730,28363.512,143
31730,27981.4,141
31730,28218.404,141
31730,28366.928,143
31730,27619.92,142
31730,27510.576,143
31730,27865.796,143
31730,29143.352,143
31730,27860.816,142
31730,27445.7,138
31730,27685.664,142
31730,27576.816,142
31730,27694.66,140
31730,28082.804,142
31730,27207.372,141
31730,26691.12,141
31730,27213.472,142
31730,28212.408,143
31730,27230.904,141
31730,27703.612,142
31730,28323.296,142
31730,28357.86,143
31730,27840.672,141
31730,27436.016,142
31730,27199.892,142
31730,27974.712,143
31730,27734.048,142
31730,28624.444,143
31730,27850.38,143
31730,27583.98,143
31730,27214.74,142
31730,27853.3,143
31730,27206.416,143
31730,26827.512,142
31730,27198.264,142
31730,26563.684,142
31730,27289.784,142
31730,27035.9,142
31730,26036.316,142
31730,25518.652,142
31730,26517.52,142
31730,27623.3,141
31730,26778.74,142
31730,26667.792,142
31730,26684.096,142
31730,27312.888,142
31730,26940.388,142
31730,27928.436,143
31730,26567.56,142
31730,26342.384,142
31730,25817.428,141
31730,25954.492,142
31730,27466.104,142
31730,26082.156,140
31730,25810.928,142
31730,27698.864,142
31730,26818.992,141
31730,27062.336,142
31730,27287.412,142
31730,27050.252,142
31730,26704.568,142
31730,26713.028,142
31730,27331.176,142
31730,27476.484,142
31730,27485.62,142
31730,27596.172,142
31730,27836.924,141
31730,27712.292,142
31730,28442.036,141
31730,27071.88,142
31730,27338.824,142
31730,26694.132,143
31730,27265.56,139
31730,27050.852,142
31730,26818.808,142
31730,28438.612,141
31730,28185.848,141
31730,28317.032,142
31730,28070.612,141
31730,26834.92,142
31730,26707.464,142
31730,25954.68,141
31730,26954.032,142
31730,27093.292,142
31730,26571.308,141
31730,27680.06,142
31730,28315.02,142
31730,27319.996,142
31730,27425.144,141
31730,26537.56,142
31730,26392.128,142
31730,27392.172,142
31730,26424.368,142
31730,25922.344,142
31730,26171.488,142
31730,25400.448,142
31730,25525.588,143
31730,25659.112,142
31730,26783.064,141
31730,26051.672,142
31730,27167.528,142
31730,26451.372,142
31730,27420.496,143
31730,27955.544,142
31730,28191.732,143
31730,26685.032,143
31730,27304.544,140
31730,27783.276,142
31730,29017.268,142
31730,27956.1,141
31730,28714.908,141
31730,27216.756,142
31730,26995.628,142
31730,26608.452,141
31730,26586.944,142
31730,27456.128,142
31730,27828.248,143
31730,27204.212,142
31730,27057.508,142
31730,26804.808,143
31730,26302.432,142
31730,27301.932,141
31730,27707.992,143
31730,28939.156,143
31730,28692.708,142
31730,28595.804,142
31730,27976.464,141
31730,28484.064,141
31730,29242.856,143
31730,28207.24,142
31730,27957.728,143
31730,26946.768,143
31730,27570.392,142
31730,27953.312,142
31730,28326.832,142
31730,27809.784,142
31730,28543.004,142
31730,27920.484,142
31730,27172.816,142
31730,26177.648,143
31730,26646.86,142
31730,26296.824,142
31730,26825.444,142
31730,27287.212,141
31730,28055.752,142
31730,26920.056,142
31730,27813.896,143
31730,28276.828,142
31730,28403.76,142
31730,26419.82,142
31730,26980.132,141
31730,25816.204,142
31730,26306.192,142
31730,27301.588,142
31730,26652.416,142
31730,27544.472,142
31730,27913.172,142
31730,27687.736,141
31730,27460.116,142
31730,27329.044,142
31730,27944.032,141
31730,26309.12,141
31730,27039.348,140
31730,28186.42,141
31730,27212.484,141
31730,27223.392,141
31730,27218.068,141
31730,27934.068,142
31730,27713.152,143
31730,27918.416,141
31730,27668.168,142
31730,27562.384,143
31730,27982.156,141
31730,27096.824,142
31730,27075.392,142
31730,26572.28,142
31730,26429.472,139
31730,25383.048,141
31730,25884.036,142
31730,26397.216,141
31730,25007.22,142
31730,26879.288,143
31730,26529.616,141
31730,27424.072,142
31730,27301.764,142
31730,27697.128,142
31730,27838.756,142
31730,28838.316,142
31730,29617.012,142
31730,29074.128,142
31730,28453.592,142
31730,27820.952,142
31730,26441.028,140
31730,27281.496,142
31730,27934.684,142
31730,27686.204,142
31730,27275.472,143
31730,26685.012,142
31730,27679.44,142
31730,27689.868,142
31730,27559.12,141
31730,26908.796,142
31730,26667.624,142
31730,26679.468,142
31730,26188.148,141
31730,26767.436,142
31730,25645.984,142
31730,25876.956,142
31730,26162.548,140
31730,27433.78,142
31730,27205.864,142
31730,27092.956,142
31730,28450.564,142
31730,28450.756,141
31730,27832.572,142
31730,28450.644,141
31730,28078.928,141
31730,27314.828,142
31730,27676.608,140
31730,27164.392,141
31730,26677.356,141
31730,25797.664,140
31730,26015.72,141
31730,27899.112,140
31730,26660.036,141
31730,27695.856,141
31730,27722.912,142
31730,28223.748,142
31730,28099.264,143
31730,27716.876,142
31730,26958.28,142
31730,27568.716,142
31730,27947.424,142
31730,26437.552,142
31730,27555.672,142
31730,27198.028,141
31730,27199.924,142
31730,26716.552,143
31730,26443.468,143
31730,26454.2,142
31730,25716.32,142
31730,26463.288,143
31730,27556.856,143
31730,27061.332,142
31730,27313.104,142
31730,27959.22,142
31730,26578.56,142
31730,26679.22,141
31730,27563.08,142
31730,27556.3,142
31730,27786.528,141
31730,27942.26,142
31730,27594.272,142
31730,25584.34,141
31730,27069.252,141
31730,26672.392,142
31730,26946.264,142
31730,27806.352,142
31730,28219.724,143
31730,27850.196,142
31730,28370.112,142
31730,28125.9,142
31730,27355.856,142
31730,26595.164,141
31730,24688.344,142
31730,26071.868,142
31730,27323.92,142
31730,27961.472,141
31730,27601.636,142
31730,27602.38,142
31730,29254.12,143
31730,27237.252,142
31730,27344.564,142
31730,27590.784,141
31730,29088.42,143
31730,28863.064,141
31730,28329.164,141
31730,28172.924,143
31730,28539.552,141
31730,27827.62,141
31730,27451.888,142
31730,26678.924,142
31730,26918.424,142
31730,26788.028,142
31730,27056.908,141
31730,26914.128,142
31730,25524.984,142
31730,26285.26,141
31730,28030.248,141
31730,27674.376,141
31730,26283.272,142
31730,26158.7,142
31730,26424.872,140
31730,25799.892,142
31730,27940.152,141
31730,27574.048,143
31730,28301.384,142
31730,29069.544,142
31730,29333.064,142
31730,28458.916,142
31730,28849.404,142
31730,28837.276,142
31730,27450.968,141
31730,27566.476,141
31730,28171.484,142
31730,27220.612,142
31730,27720.976,141
31730,28071.22,142
31730,28166.472,142
31730,27561.368,142
31730,27330.464,141
31730,27084.232,143
31730,27593.172,142
31730,28351.496,142
31730,27213.456,141
31730,26967.58,143
31730,27588.612,142
31730,27708.624,142
31730,26945.392,141
31730,27929.096,141
31730,26897.636,141
31730,25663.944,143
31730,26919.232,143
31730,27402.096,141
31730,26636.252,141
31730,27544.508,142
31730,28031.588,142
31730,27999.072,140
31730,26993.7,142
31730,27041.408,141
31730,26918.204,141
31730,27951.196,142
31730,27966.18,141
31730,28195.824,142
31730,27690.484,142
31730,28309.544,142
31730,28732.552,141
31730,27484.536,142
31730,28113.288,141
31730,26854.936,141
31730,26957.988,142
31730,26560.38,141
31730,26440.396,143
31730,27169.812,143
31730,27295.564,142
31730,27833.94,142
31730,29097.348,142
31730,28574.968,143
31730,27949.192,142
31730,26934.056,143
31730,26428.78,142
31730,26312.94,142
31730,27336.26,142
31730,26438.688,142
31730,26573.736,143
31730,26684.228,142
31730,25927.064,141
31730,26186.112,141
31730,25340.656,141
31730,26960.744,142
31730,26707.228,141
31730,26442.124,141
31730,27429.336,143
31730,27947.584,142
31730,27554.644,142
31730,26930.524,143
31730,26314.336,142
31730,26183.44,142
31730,27285.564,141
31730,27164.572,143
31730,27030.86,141
31730,27455.896,141
31730,26966.992,142
31730,26706.764,142
31730,27096.772,142
31730,28250.088,141
31730,28002.5,142
31730,27099.264,141
31730,26714.86,143
31730,27303.444,142
31730,26447.752,142
31730,27576.788,143
31730,27796.28,142
31730,27693.82,142
31730,27280.18,142
31730,28193.008,142
31730,28079.608,142
31730,28206.068,142
31730,27824.04,142
31730,28075.412,142
31730,28338.02,142
31730,27201.184,141
31730,27686.136,142
31730,27476.22,143
31730,28721.036,140
31730,28487.928,142
31730,27720.136,142
31730,27601.212,142
31730,27927.52,142
31730,27045.8,141
31730,26908.496,142
31730,26688.008,143
31730,27398.68,142
31730,27069.04,142
31730,27071.54,142
31730,27834.836,142
31730,28461.64,142
31730,27817.66,141
31730,27314.488,142
31730,27428.776,143
31730,27823.632,143
31730,28426.036,143
31730,27381.888,141
31730,27192.716,140
31730,27075.312,142
31730,27305.328,142
31730,27681.848,142
31730,27290.132,142
31730,27686.532,142
31730,28171.768,143
31730,27068.044,142
31730,27207.224,142
31730,27183.196,142
31730,27147.988,142
31730,26435.968,141
31730,27965.596,143
31730,27566.48,141
31730,27706.588,141
31730,27941.684,142
31730,27812.184,142
31730,28460.972,142
31730,27700.184,142
31730,28489.18,143
31730,27571.68,141
31730,27415.892,141
31730,27417.932,142
31730,27682.512,143
31730,28438.084,142
31730,27688.664,141
31730,27330.04,142
31730,28207.364,142
31730,28093.704,143
31730,28217.472,142
31730,28987.004,143
31730,30004.152,143
31730,29105.132,139
31730,27674.012,142
31730,27177.432,141
31730,26814.02,141
31730,26813.06,142
31730,27563.112,142
31730,27329.504,142
31730,27327.66,142
31730,27443.252,143
31730,28067.98,142
31730,28359.496,141
31730,27735.896,142
31730,28115.452,142
31730,28345.728,141
31730,27333.62,141
31730,27316.248,142
31730,27658.58,142
31730,27649.88,142
31730,26780.092,142
31730,28308.168,143
31730,27901.472,141
31730,28289.108,142
31730,27132.992,142
31730,26521.876,142
31730,25762.3,141
31730,25903.076,142
31730,26911.056,141
31730,27874.656,141
31730,28264.876,142
31730,27676.568,142
31730,27446.456,142
31730,27677.98,143
31730,28182.104,143
31730,28037.492,141
31730,27685.436,142
31730,27797.412,141
31730,27946.684,141
31730,28064.428,142
31730,27679.112,142
31730,28449.892,141
31730,27587.48,142
31730,27465.676,142
31730,28220.52,142
31730,28217.136,141
31730,28089.224,142
31730,28355.7,143
31730,28183.652,141
31730,28069.2,141
31730,27062.372,141
31730,27590.032,141
31730,27213.768,142
31730,26578.808,142
31730,27699.248,142
31730,28317.108,142
31730,28209.624,141
31730,27198.504,141
31730,27459.56,142
31730,26979.756,142
31730,26846.572,141
31730,27212.268,142
31730,26831.396,141
31730,26293.384,140
31730,26184.604,143
31730,27456.612,140
31730,28075.116,143
31730,27833.52,142
31730,27578.572,143
31730,27960.32,143
31730,27686.488,142
31730,28458.028,143
31730,27442.04,141
31730,28293.06,141
31730,28075.448,142
31730,27955.688,142
31730,27826.932,141
31730,27972.54,142
31730,27716.764,142
31730,27101.016,141
31730,27065.624,140
31730,28584.412,142
31730,28582.108,142
31730,27442.96,141
31730,26592.516,142
31730,25972.68,143
31730,26447.864,142
31730,27436.892,142
31730,26574.272,142
31730,27180.208,140
31730,27800.888,143
31730,27933.632,141
31730,28578.72,142
31730,27964.808,143
31730,27847.856,141
31730,27845.196,141
31730,27336.22,141
31730,26850.16,142
31730,27231.032,142
31730,27802.844,141
31730,27546.964,143
31730,27312.664,142
31730,26845.884,142
31730,27430.824,142
31730,27201.716,142
31730,27437.276,142
31730,27437.396,143
31730,27699.404,142
31730,26567.616,142
31730,27080.18,142
31730,26086.224,142
31730,26558.62,142
31730,27692.452,142
31730,28807.968,142
31730,29187.34,143
31730,27690.728,141
31730,28814.82,141
31730,28458.376,142
31730,27591.348,142
31730,28465.588,142
31730,27984.28,143
31730,27452.628,142
31730,27191.728,142
31730,27675.636,142
31730,27674.732,142
31730,27668.172,142
31730,27930.204,143
31730,27218.536,141
31730,26712.092,142
31730,27692.656,142
31730,28591.316,141
31730,28343.416,142
31730,28744.284,141
31730,27714.836,142
31730,26854.952,141
31730,27003.336,142
31730,26863.412,142
31730,27360.096,142
31730,28481.292,142
31730,28095.772,142
31730,26318.388,143
31730,26176.388,142
31730,26514.52,142
31730,27565.52,142
31730,26315.508,142
31730,26185.684,142
31730,26564.9,142
31730,27060.432,143
31730,26399.848,142
31730,25781.964,141
31730,27658.236,142
31730,28655.26,142
31730,27793.4,142
31730,27772.26,142
31730,28387.568,143
31730,27175.524,140
31730,26826.932,141
31730,28321.148,142
31730,27463.808,141
31730,27430.108,141
31730,26671.264,142
31730,27215.044,142
31730,25961.0,142
31730,25565.024,141
31730,27184.368,143
31730,27572.952,143
31730,29186.472,142
31730,28451.068,142
31730,26128.98,142
31730,25809.82,142
31730,25945.96,142
31730,26559.072,142
31730,26933.564,143
31730,27332.48,143
31730,27079.56,142
31730,28436.276,142
31730,29180.68,142
31730,28795.556,141
31730,29166.78,141
31730,29429.352,142
31730,29460.8,143
31730,28345.876,143
31730,27827.68,142
31730,27575.568,142
31730,28600.092,143
31730,28078.048,140
31730,26558.784,141
31730,26421.332,141
31730,27148.784,141
31730,26915.656,142
31730,27898.248,142
31730,27276.296,142
31730,26378.0,141
31730,26256.616,142
31730,27558.512,142
31730,28064.172,142
31730,28322.756,141
31730,28309.148,141
31730,28053.464,142
31730,26776.804,141
31730,26814.484,143
31730,26300.768,142
31730,25785.196,142
31730,27542.832,142
31730,26648.012,142
31730,27419.816,141
31730,27193.348,141
31730,26410.612,142
31730,26405.424,143
31730,26780.916,141
31730,27510.36,143
31730,27650.912,141
31730,27019.156,142
31730,26410.472,143
31730,27025.104,142
31730,28644.38,142
31730,27300.86,143
31730,28079.172,143
31730,27951.096,141
31730,27200.416,141
31730,27199.124,140
31730,26348.024,142
31730,27216.344,142
31730,27560.188,141
31730,27975.836,143
31730,28098.324,143
31730,26974.208,141
31730,28119.616,142
31730,27868.28,142
31730,27104.636,141
31730,26952.02,142
31730,26688.236,141
31730,25922.756,141
31730,26691.12,143
31730,27193.32,143
31730,27188.912,142
31730,27195.268,142
31730,27688.708,143
31730,27185.848,141
31730,27334.504,142
31730,27657.84,142
31730,26916.7,141
31730,26549.792,142
31730,26810.952,141
31730,28036.116,141
31730,27155.58,142
31730,27702.976,139
31730,28197.244,142
31730,27694.632,142
31730,27821.924,142
31730,27202.94,143
31730,27971.184,141
31730,26823.116,142
31730,26686.824,142
31730,27949.18,142
31730,27805.432,142
31730,27195.876,141
31730,28197.284,141
31730,27728.996,142
31730,26607.04,142
31730,27102.412,142
31730,26320.62,141
31730,27580.824,142
31730,27461.608,142
31730,27326.3,142
31730,28965.012,142
31730,28343.176,142
31730,28617.788,142
31730,28233.904,141
31730,28864.896,141
31730,29017.852,141
31730,27610.712,142
31730,27217.884,143
31730,27735.34,142
31730,28099.728,142
31730,28095.888,141
31730,28330.452,141
31730,27705.748,142
31730,28219.532,142
31730,27564.152,142
31730,27340.308,141
31730,27066.052,142
31730,27428.804,142
31730,28205.244,141
31730,27552.972,143
31730,27688.896,142
31730,26799.116,142
31730,27294.096,141
31730,27416.912,141
31730,26440.128,141
31730,27944.928,142
31730,25939.804,141
31730,26436.132,141
31730,26542.728,141
31730,26649.264,142
31730,25505.464,141
31730,26726.116,141
31730,27614.092,143
31730,27668.344,142
31730,26437.184,140
31730,26935.364,141
31730,26689.9,141
31730,27795.696,141
31730,27964.696,142
31730,28376.652,141
31730,28596.88,143
31730,28457.648,142
31730,28683.14,142
31730,27939.084,141
31730,27429.78,142
31730,27162.676,142
31730,28932.08,143
31730,28572.308,142
31730,27471.7,142
31730,27471.936,140
31730,26970.516,143
31730,26452.936,142
31730,27365.36,142
31730,26218.844,141
31730,26562.636,141
31730,26443.836,142
31730,26432.38,141
31730,25947.492,140
31730,24811.1,142
31730,25414.676,140
31730,25410.64,140
31730,26786.456,143
31730,26783.644,142
31730,27162.456,141
31730,27811.508,142
31730,27678.908,143
31730,26699.996,140
31730,27427.844,141
31730,27841.476,141
31730,28072.416,142
31730,27197.908,140
31730,27671.7,142
31730,28531.4,142
31730,28787.492,143
31730,27187.972,142
31730,28380.172,142
31730,28263.42,142
31730,28144.716,143
31730,27648.352,142
31730,27049.376,143
31730,27922.664,141
31730,27428.64,142
31730,26548.82,141
31730,26380.82,143
31730,26269.04,142
31730,27267.904,142
31730,26632.684,139
31730,26166.392,141
31730,25919.316,141
31730,26321.14,142
31730,26686.84,141
31730,27291.72,141
31730,27087.676,141
31730,27090.416,141
31730,27098.44,141
31730,26980.744,142
31730,28103.892,143
31730,28123.416,143
31730,28611.932,142
31730,27714.448,142
31730,28096.436,142
31730,28454.924,142
31730,27948.484,143
31730,28723.608,142
31730,28425.26,142
31730,28701.304,142
31730,28721.948,143
31730,28354.768,142
31730,27710.252,141
31730,28458.056,142
31730,28310.908,143
31730,29200.344,141
31730,28599.032,143
31730,28723.064,142
31730,27981.36,142
31730,27968.536,142
31730,27207.236,142
31730,27329.304,141
31730,26545.636,142
31730,26797.284,142
31730,27319.988,141
31730,27684.86,142
31730,26814.452,141
31730,25958.132,140
31730,25831.328,142
31730,27198.828,142
31730,27174.88,143
31730,27783.292,142
31730,27058.672,141
31730,27022.908,142
31730,27626.82,143
31730,27764.328,143
31730,27420.088,142
31730,27545.944,140
31730,27783.044,139
31730,27942.252,142
31730,28055.452,142
31730,27583.132,140
31730,27326.968,142
31730,27065.916,142
31730,27799.612,141
31730,26177.032,142
31730,26905.756,142
31730,27777.988,141
31730,27926.072,142
31730,27271.816,141
31730,26785.132,141
31730,26434.264,143
31730,27696.06,141
31730,26052.244,140
31730,27556.704,142
31730,29051.032,143
31730,26910.12,141
31730,27555.692,142
31730,27064.48,142
31730,26823.048,142
31730,26699.48,142
31730,26065.756,142
31730,26678.576,142
31730,27161.648,141
31730,27534.116,142
31730,26793.808,142
31730,26541.616,141
31730,26801.42,142
31730,27304.104,142
31730,27431.936,142
31730,26699.388,142
31730,26590.268,141
31730,27102.308,143
31730,27490.64,142
31730,27078.388,143
31730,26204.368,141
31730,26319.292,142
31730,26815.812,141
31730,26568.02,142
31730,27692.272,142
31730,27202.38,142
31730,26946.748,142
31730,27956.068,142
31730,28824.032,142
31730,28310.596,142
31730,28433.724,142
31730,27199.696,143
31730,26954.672,142
31730,26582.532,142
31730,27461.04,142
31730,28588.772,141
31730,27856.108,142
31730,28108.26,142
31730,28316.732,142
31730,26944.14,142
31730,26464.388,141
31730,27208.196,141
31730,27853.928,141
31730,28124.308,143
31730,27744.76,143
31730,26467.428,142
31730,27475.156,142
31730,26193.42,140
31730,27935.724,142
31730,27310.388,142
31730,27082.008,142
31730,25716.888,141
31730,26593.46,142
31730,27583.284,142
31730,28953.704,142
31730,28702.164,142
31730,27933.828,142
31730,27669.624,142
31730,27025.52,142
31730,28786.468,142
31730,28521.616,142
31730,27997.76,141
31730,27513.896,142
31730,27531.652,141
31730,26561.94,141
31730,25901.636,142
31730,26172.488,142
31730,26671.804,142
31730,26810.1,141
31730,27087.352,141
31730,26307.884,142
31730,26429.16,142
31730,26794.512,141
31730,26786.204,142
31730,27015.844,142
31730,26738.32,141
31730,27377.836,142
31730,26804.828,141
31730,27088.72,143
31730,27545.604,142
31730,26532.828,141
31730,26449.08,141
31730,26430.372,143
31730,26527.96,142
31730,27905.128,141
31730,27650.964,142
31730,28654.776,142
31730,27645.812,142
31730,27431.108,141
31730,27700.048,142
31730,27167.012,142
31730,27922.428,142
31730,27448.752,142
31730,27182.952,141
31730,28416.332,143
31730,26907.824,142
31730,27136.936,142
31730,26675.956,143
31730,26293.612,142
31730,26933.064,141
31730,25690.852,141
31730,26300.692,140
31730,26078.688,142
31730,26316.88,142
31730,26054.924,142
31730,26558.064,143
31730,26078.9,142
31730,26570.352,141
31730,26320.052,142
31730,26435.104,141
31730,27082.012,142
31730,25824.68,141
31730,26202.244,141
31730,27296.372,143
31730,27167.92,142
31730,26907.564,143
31730,27416.384,143
31730,27556.716,142
31730,27036.216,142
31730,26933.336,141
31730,26157.632,141
31730,26909.36,141
31730,26891.2,142
31730,27780.144,140
31730,27561.496,140
31730,27692.804,142
31730,27162.48,142
31730,26436.364,142
31730,27186.876,142
31730,26820.392,141
31730,27303.496,141
31730,28069.616,142
31730,27831.348,141
31730,26948.348,141
31730,27436.512,142
31730,28175.908,142
31730,28448.68,142
31730,27849.568,143
31730,27206.456,141
31730,27365.956,142
31730,27718.436,141
31730,27366.724,142
31730,27979.564,142
31730,28581.096,141
31730,26668.86,143
31730,26677.428,142
31730,26031.472,140
31730,26294.388,142
31730,27063.912,142
31730,26572.68,140
31730,26694.56,141
31730,26651.884,141
31730,27255.576,142
31730,26771.952,142
31730,26792.208,141
31730,26676.848,142
31730,27066.808,140
31730,26564.62,142
31730,26299.412,142
31730,27039.532,141
31730,26779.496,142
31730,27646.244,142
31730,28015.156,142
31730,28273.9,142
31730,28188.572,141
31730,26558.36,142
31730,27807.068,142
31730,26911.428,142
31730,27145.78,141
31730,27273.78,142
31730,27795.14,143
31730,27302.132,142
31730,26327.428,142
31730,27546.716,142
31730,27566.576,141
31730,27957.844,143
31730,27224.808,143
31730,26211.556,142
31730,26325.38,141
31730,27335.368,142
31730,28189.592,142
31730,27681.588,142
31730,27966.036,142
31730,28491.448,142
31730,27215.668,142
31730,26434.664,142
31730,28462.924,142
31730,27929.58,142
31730,28423.124,142
31730,28535.548,142
31730,28267.992,141
31730,26888.156,142
31730,27154.068,141
31730,26887.98,141
31730,27723.556,142
31730,28266.984,142
31730,28196.268,142
31730,27310.296,142
31730,28337.452,141
31730,28098.38,141
31730,28855.804,142
31730,27331.588,142
31730,26805.128,142
31730,27534.116,142
31730,27939.904,142
31730,26942.176,142
31730,26429.884,141
31730,27311.628,142
31730,25804.464,142
31730,27556.644,143
31730,27813.032,141
31730,29058.588,143
31730,28055.436,143
31730,27320.172,142
31730,27040.632,141
31730,26297.36,141
31730,26539.784,142
31730,25757.952,140
31730,26881.628,142
31730,27914.212,140
31730,29301.66,141
31730,28327.488,142
31730,28061.28,142
31730,27315.576,142
31730,28311.828,141
31730,27694.624,142
31730,26693.252,142
31730,26302.512,141
31730,26055.7,141
31730,26534.912,142
31730,27805.216,142
31730,28067.58,140
31730,28076.932,142
31730,27293.352,142
31730,28300.784,143
31730,27541.996,142
31730,26027.116,141
31730,26634.564,141
31730,26284.552,142
31730,26387.652,141
31730,25761.956,142
31730,26878.832,142
31730,25978.54,142
31730,26347.136,140
31730,27350.668,140
31730,26496.028,142
31730,27380.928,142
31730,27923.172,142
31730,27069.112,143
31730,27428.752,141
31730,26305.012,142
31730,27196.424,142
31730,27705.5,142
31730,26688.236,142
31730,26389.084,141
31730,26750.932,142
31730,27008.584,143
31730,27377.2,142
31730,27785.092,142
31730,27919.2,143
31730,28585.552,142
31730,27697.792,143
31730,26583.492,141
31730,25665.636,142
31730,28306.268,142
31730,27708.024,142
31730,27727.372,141
31730,27457.808,142
31730,27209.756,140
31730,27447.42,143
31730,27694.94,142
31730,29444.064,143
31730,28701.184,142
31730,27786.676,141
31730,27081.78,142
31730,27069.288,142
31730,26043.764,140
31730,28253.956,142
31730,27638.404,141
31730,26991.464,142
31730,26214.22,142
31730,27620.98,142
31730,27111.42,141
31730,26899.268,143
31730,27630.152,141
31730,27253.864,141
31730,27885.684,141
31730,27119.272,142
31730,26900.264,142
31730,26895.204,142
31730,26511.444,141
31730,26555.6,142
31730,25769.468,142
31730,26148.944,141
31730,26882.868,141
31730,27022.088,142
31730,27135.304,140
31730,27668.4,142
31730,28572.584,141
31730,27578.768,141
31730,27174.776,141
31730,27044.216,141
31730,27066.96,142
31730,27440.984,141
31730,27216.272,142
31730,27185.644,143
31730,28186.092,142
31730,28942.848,143
31730,28233.476,142
31730,27860.28,143
31730,27341.56,142
31730,27188.792,141
31730,27452.584,142
31730,28195.856,143
31730,27835.148,141
31730,26581.38,140
31730,26186.088,142
31730,26415.316,142
31730,24482.244,141
31730,25705.384,141
31730,24725.64,140
31730,25484.872,141
31730,25117.82,142
31730,25894.836,141
31730,26755.272,140
31730,26626.696,143
31730,26401.464,142
31730,27036.752,141
31730,26767.6,142
31730,26776.416,142
31730,26551.856,143
31730,27521.804,143
31730,26632.848,141
31730,26736.804,141
31730,27004.968,141
31730,26511.752,142
31730,28360.808,142
31730,27656.148,143
31730,27193.136,143
31730,26820.352,142
31730,26944.272,142
31730,26960.144,141
31730,25970.6,141
31730,26735.092,142
31730,26484.144,140
31730,28147.312,141
31730,29009.364,143
31730,29652.8,143
31730,28632.432,142
31730,27459.088,142
31730,27451.224,143
31730,27947.868,142
31730,27195.988,142
31730,26710.928,142
31730,27574.164,142
31730,27710.008,141
31730,27207.076,142
31730,27313.868,143
31730,28598.82,143
31730,28739.084,142
31730,27457.852,143
31730,27466.992,142
31730,27596.848,142
31730,27945.876,142
31730,27682.668,143
31730,27523.68,141
31730,28549.32,143
31730,28938.344,141
31730,27472.132,142
31730,27215.064,140
31730,26683.104,142
31730,26394.3,142
31730,26385.612,142
31730,26266.564,142
31730,26818.6,142
31730,27557.404,142
31730,28069.052,142
31730,27695.468,142
31730,25899.992,142
31730,26650.216,142
31730,26433.424,142
31730,27571.252,143
31730,27810.356,142
31730,28677.764,142
31730,28558.42,142
31730,26538.604,141
31730,27922.796,141
31730,27935.812,142
31730,28430.836,142
31730,27693.788,141
31730,27079.352,139
31730,27294.896,140
31730,28908.692,141
31730,28526.952,141
31730,27689.208,141
31730,28446.756,142
31730,28711.664,142
31730,27451.408,142
31730,27432.588,142
31730,28181.048,142
31730,28687.332,142
31730,28719.92,142
31730,28488.608,142
31730,29094.896,142
31730,27981.664,141
31730,27965.36,141
31730,27098.784,142
31730,27946.696,142
31730,27326.548,143
31730,26607.472,142
31730,26814.58,142
31730,27048.056,142
31730,26332.884,141
31730,26956.996,141
31730,27112.204,140
31730,26976.472,142
31730,26317.588,142
31730,27474.28,141
31730,27470.964,142
31730,27428.444,141
31730,27938.2,142
31730,27537.264,142
31730,27031.68,140
31730,26798.452,143
31730,26173.664,141
31730,27137.212,142
31730,26394.816,142
31730,27415.992,142
31730,27559.652,142
31730,29297.768,142
31730,29185.556,142
31730,28805.964,142
31730,28453.892,141
31730,27978.46,142
31730,28331.824,141
31730,27084.564,140
31730,26928.244,143
31730,26848.024,141
31730,27570.796,142
31730,27307.336,142
31730,27823.104,141
31730,27574.244,142
31730,27572.212,140
31730,28295.36,141
31730,28556.644,142
31730,27440.484,142
31730,28190.132,143
31730,27913.06,141
31730,27927.62,142
31730,27298.776,140
31730,26518.852,141
31730,27043.108,141
31730,26428.832,142
31730,27069.144,142
31730,27326.12,143
31730,28837.54,143
31730,29216.888,142
31730,27943.86,142
31730,27831.568,142
31730,27295.396,142
31730,27154.948,142
31730,25801.664,142
31730,25539.78,142
31730,26071.096,142
31730,27276.136,142
31730,27559.428,142
31730,27818.972,143
31730,27707.152,143
31730,27183.284,142
31730,26707.792,142
31730,27194.64,141
31730,27463.744,140
31730,27601.792,144
31730,27090.256,142
31730,25671.24,140
31730,26294.98,141
31730,27154.02,141
31730,27576.94,142
31730,27932.164,141
31730,27677.984,143
31730,27049.076,141
31730,27813.644,142
31730,28073.896,141
31730,27679.916,143
31730,27844.452,142
31730,27941.836,142
31730,28301.272,143
31730,28285.748,142
31730,26883.996,142
31730,27052.724,142
31730,26409.072,141
31730,27014.168,142
31730,28289.596,142
31730,27019.956,143
31730,27387.928,142
31730,27517.092,141
31730,26646.284,142
31730,27398.132,142
31730,28276.72,141
31730,28401.04,141
31730,28645.176,142
31730,27905.512,142
31730,27412.212,142
31730,26928.4,142
31730,27205.204,140
31730,27569.728,143
31730,27175.052,142
31730,26826.932,142
31730,27075.724,141
31730,27070.008,142
31730,28449.924,142
31730,27818.176,142
31730,27805.604,142
31730,25439.128,142
31730,25799.896,142
31730,26077.42,142
31730,26659.288,141
31730,26523.716,141
31730,26794.648,141
31730,27175.36,142
31730,27531.584,142
31730,28154.576,141
31730,27322.0,142
31730,26815.144,141
31730,26307.608,141
31730,26677.932,140
31730,26785.82,143
31730,26919.912,142
31730,27172.52,142
31730,28433.164,141
31730,28316.624,141
31730,28208.888,143
31730,27842.444,142
31730,26702.428,142
31730,27334.644,142
31730,27437.156,142
31730,27945.184,141
31730,27313.352,142
31730,26943.548,142
31730,25917.548,142
31730,26438.536,142
31730,26691.6,142
31730,27167.58,142
31730,27020.064,142
31730,28263.628,142
31730,27053.772,141
31730,26944.276,142
31730,28947.884,142
31730,28576.148,142
31730,27710.72,142
31730,28602.628,141
31730,27981.028,142
31730,27069.076,142
31730,26811.292,142
31730,28072.6,143
31730,26604.7,143
31730,27450.384,142
31730,27186.516,143
31730,27296.576,142
31730,27464.76,142
31730,27346.336,142
31730,27316.276,141
31730,27556.16,142
31730,26945.488,140
31730,27454.976,142
31730,27061.904,143
31730,26563.308,142
31730,27064.48,141
31730,26445.944,142
31730,25579.824,140
31730,26957.488,142
31730,26432.496,141
31730,26560.952,142
31730,26436.752,139
31730,27311.064,142
31730,27207.132,143
31730,28474.088,142
31730,28722.656,142
31730,27690.068,142
31730,26959.388,141
31730,26586.364,141
31730,26771.408,143
31730,26657.44,143
31730,25880.84,142
31730,26590.816,141
31730,25650.612,142
31730,26136.436,142
31730,26936.796,142
31730,27341.364,141
31730,27609.628,143
31730,27584.832,143
31730,27479.756,142
31730,27498.516,143
31730,27905.024,142
31730,27544.192,143
31730,28896.32,142
31730,28131.776,143
31730,27661.1,142
31730,27933.252,141
31730,27093.252,141
31730,26840.22,142
31730,27324.844,142
31730,26440.54,141
31730,26682.832,142
31730,26539.788,142
31730,26375.644,141
31730,27256.552,141
31730,27502.032,142
31730,27746.544,141
31730,27255.952,142
31730,27414.52,142
31730,27800.752,142
31730,26561.14,142
31730,26944.832,141
31730,26399.792,141
31730,26933.148,142
31730,26919.524,142
31730,27202.28,142
31730,27307.62,142
31730,27418.276,143
31730,27558.328,141
31730,28666.164,142
31730,27673.584,142
31730,27567.648,143
31730,27056.86,142
31730,27660.272,143
31730,26438.516,142
31730,26662.516,142
31730,26526.084,142
31730,28356.788,142
31730,28147.028,142
31730,28622.244,143
31730,28525.464,141
31730,28527.968,142
31730,27400.608,141
31730,27135.716,142
31730,28167.4,142
31730,27721.8,142
31730,27444.084,142
31730,27715.996,141
31730,26336.84,142
31730,26182.076,142
31730,26176.908,142
31730,27036.364,140
31730,27928.364,142
31730,27951.572,142
31730,27831.596,141
31730,27207.824,140
31730,26934.56,142
31730,27308.456,141
31730,26941.984,142
31730,27176.776,142
31730,26921.112,142
31730,28046.016,142
31730,28053.0,140
31730,28424.496,143
31730,28312.06,142
31730,28325.008,143
31730,27590.18,142
31730,27347.412,142
31730,26836.84,142
31730,27086.184,142
31730,26954.544,142
31730,27421.832,141
31730,27071.712,141
31730,26708.796,143
31730,26952.288,142
31730,26434.676,142
31730,27699.732,142
31730,27058.744,142
31730,26537.72,142
31730,26513.444,143
31730,27027.924,138
31730,26402.892,141
31730,26415.508,142
31730,26176.484,142
31730,28708.252,141
31730,28977.324,142
31730,28068.24,142
31730,27046.844,142
31730,27682.992,141
31730,28562.396,142
31730,27827.008,142
31730,27578.86,142
31730,27185.716,141
31730,27210.68,142
31730,26947.544,143
31730,26422.612,142
31730,27522.48,142
31730,26892.424,142
31730,27154.38,141
31730,27395.984,142
31730,26786.992,142
31730,27282.788,142
31730,27030.58,142
31730,27309.424,142
31730,27300.728,142
31730,27801.78,141
31730,27791.488,142
31730,27413.2,142
31730,27792.724,143
31730,28318.784,142
31730,27334.388,143
31730,27588.912,142
31730,27341.628,142
31730,27717.808,141
31730,27568.468,142
31730,27215.588,141
31730,25709.968,141
31730,26580.608,142
31730,25515.488,142
31730,25082.492,142
31730,26321.668,142
31730,26307.836,142
31730,26983.92,142
31730,27835.892,141
31730,28224.332,141
31730,26730.492,141
31730,27642.732,141
31730,27606.212,142
31730,27033.116,141
31730,27289.3,142
31730,27435.028,142
31730,27547.192,142
31730,26272.156,142
31730,27132.392,142
31730,26299.572,141
31730,25678.588,142
31730,26181.6,142
31730,27081.92,141
31730,26917.336,141
31730,27527.744,142
31730,26794.94,143
31730,26547.788,142
31730,27051.356,141
31730,25774.472,142
31730,26161.024,141
31730,27145.26,143
31730,27795.556,142
31730,27959.1,142
31730,27080.608,142
31730,27195.516,142
31730,27451.06,141
31730,27467.988,142
31730,27066.088,143
31730,26433.256,142
31730,27910.884,143
31730,28329.352,142
31730,27949.376,142
31730,28336.152,143
31730,27727.716,140
31730,28234.024,142
31730,28235.668,141
31730,28095.644,142
31730,27844.672,141
31730,26930.876,142
31730,27446.336,140
31730,26300.024,141
31730,26207.012,142
31730,27554.636,142
31730,26802.392,141
31730,26563.524,142
31730,26171.188,142
31730,27077.716,140
31730,27834.448,143
31730,28207.624,142
31730,27694.744,142
31730,28073.824,141
31730,28198.18,142
31730,27436.464,143
31730,26820.688,142
31730,27958.876,142
31730,28968.148,143
31730,28352.612,141
31730,28325.464,141
31730,28323.516,141
31730,28064.928,143
31730,27560.64,143
31730,27541.544,141
31730,27571.644,142
31730,27211.668,141
31730,28000.764,143
31730,28364.536,142
31730,27594.944,142
31730,28718.672,143
31730,27463.072,142
31730,28119.916,141
31730,28496.084,142
31730,27259.624,142
31730,25962.508,142
31730,27467.764,142
31730,27065.696,142
31730,28073.256,142
31730,28335.196,142
31730,28965.6,143
31730,28352.504,142
31730,27858.232,141
31730,27750.824,143
31730,28466.384,143
31730,27710.756,142
31730,28346.656,142
31730,28752.128,142
31730,27876.504,141
31730,27630.936,140
31730,27102.408,141
31730,27853.704,143
31730,27849.564,141
31730,26953.18,142
31730,27093.696,140
31730,26215.112,142
31730,26835.74,143
31730,26552.964,142
31730,27448.296,142
31730,27579.58,140
31730,27952.496,142
31730,26804.26,142
31730,27176.892,141
31730,27824.872,142
31730,27102.76,141
31730,26757.172,142
31730,28219.024,142
31730,28733.888,143
31730,28609.236,143
31730,29622.716,142
31730,28495.088,142
31730,26718.732,142
31730,28595.736,143
31730,28218.448,142
31730,28612.228,142
31730,28133.504,143
31730,28380.724,141
31730,27729.816,141
31730,26854.04,140
31730,27709.868,142
31730,26677.324,142
31730,27294.096,141
31730,27020.416,142
31730,26894.212,141
31730,27923.5,142
31730,27588.016,143
31730,26227.924,142
31730,27580.712,140
31730,28083.66,142
31730,27108.54,142
31730,28105.992,142
31730,28465.048,142
31730,27217.228,141
31730,26802.452,143
31730,26394.26,141
31730,27268.468,141
31730,27654.464,143
31730,28269.876,142
31730,28556.396,141
31730,28312.7,142
31730,27202.388,142
31730,28073.344,140
31730,28439.608,142
31730,28055.628,143
31730,28057.084,142
31730,27299.148,142
31730,26561.556,143
31730,27571.356,142
31730,27053.74,142
31730,26566.804,142
31730,27593.52,142
31730,28215.72,143
31730,27951.116,142
31730,27840.432,142
31730,27822.528,142
31730,27825.296,143
31730,28573.968,143
31730,28301.188,142
31730,27845.56,142
31730,26991.516,141
31730,27499.252,141
31730,27111.976,142
31730,26715.66,142
31730,27967.52,142
31730,27797.02,143
31730,27679.18,142
31730,28183.076,142
31730,26967.832,142
31730,26721.532,142
31730,26579.892,142
31730,26336.668,142
31730,27338.352,142
31730,27605.096,142
31730,26714.02,142
31730,27465.136,142
31730,27464.68,142
31730,27825.088,142
31730,26556.784,142
31730,27274.576,142
31730,26654.776,142
31730,27288.224,142
31730,27046.616,142
31730,26851.396,141
31730,27836.284,141
31730,27843.904,143
31730,28952.216,141
31730,28065.244,141
31730,27940.556,141
31730,28219.392,141
31730,28231.056,142
31730,28347.784,142
31730,28085.728,142
31730,27960.064,141
31730,27948.4,141
31730,28208.072,141
31730,28197.544,141
31730,27553.944,142
31730,26809.196,142
31730,26798.364,142
31730,27027.896,141
31730,27024.632,142
31730,26909.376,142
31730,27169.88,141
31730,27938.7,141
31730,27292.396,142
31730,27267.688,141
31730,27642.648,142
31730,28530.648,141
31730,27556.104,142
31730,26428.524,142
31730,26662.704,142
31730,27294.824,141
31730,28457.144,143
31730,27201.932,142
31730,27932.344,142
31730,27043.672,142
31730,27168.16,141
31730,26313.504,142
31730,24944.46,142
31730,25704.136,142
31730,26066.192,141
31730,26552.412,142
31730,27285.248,141
31730,27291.408,141
31730,26791.264,142
31730,28290.156,141
31730,28677.684,142
31730,28442.412,142
31730,27281.396,140
31730,27048.584,143
31730,27168.0,142
31730,26303.572,141
31730,25699.156,142
31730,26941.396,141
31730,28042.368,141
31730,28184.604,142
31730,27056.556,142
31730,27185.916,142
31730,27801.156,142
31730,27187.108,142
31730,27171.696,143
31730,27310.236,143
31730,26950.84,141
31730,27319.996,142
31730,27300.276,142
31730,27691.084,142
31730,25952.792,142
31730,26188.544,143
31730,27324.308,142
31730,25943.448,142
31730,27182.384,142
31730,28445.944,143
31730,27697.636,141
31730,26713.628,142
31730,26352.784,142
31730,27061.252,142
31730,26946.428,142
31730,25942.836,142
31730,25800.712,140
31730,25654.84,142
31730,27151.96,142
31730,26788.1,142
31730,27543.152,141
31730,26679.184,142
31730,26776.056,142
31730,26936.532,141
31730,28072.66,142
31730,27924.064,142
31730,27397.76,142
31730,27143.332,142
31730,27033.52,142
31730,27288.048,142
31730,28155.644,143
31730,27431.184,140
31730,27062.352,142
31730,26468.732,142
31730,25323.284,141
31730,25921.292,141
31730,25663.552,143
31730,25935.14,142
31730,27441.212,141
31730,27693.9,142
31730,27811.488,142
31730,28214.848,141
31730,27726.992,141
31730,27113.164,142
31730,27704.876,142
31730,27811.956,142
31730,27808.04,142
31730,28062.424,143
31730,27809.808,142
31730,27814.292,142
31730,26957.34,141
31730,26562.844,142
31730,28196.22,142
31730,27328.792,142
31730,26951.712,142
31730,26072.552,142
31730,25198.336,142
31730,25541.456,142
31730,26143.12,140
31730,26776.476,142
31730,27403.448,142
31730,26504.924,141
31730,27273.484,141
31730,27047.056,141
31730,27186.992,142
31730,28110.456,142
31730,27838.636,140
31730,27977.132,141
31730,27716.36,143
31730,27337.316,142
31730,27062.608,142
31730,26926.5,142
31730,27066.776,142
31730,26427.688,141
31730,27798.288,142
31730,27447.496,143
31730,27183.712,142
31730,27814.916,142
31730,27157.708,142
31730,25933.688,141
31730,25034.416,141
31730,26053.084,142
31730,26172.724,142
31730,27392.428,142
31730,27765.98,143
31730,27781.164,142
31730,28406.292,143
31730,28592.528,141
31730,27686.596,142
31730,28071.756,142
31730,27940.072,142
31730,27553.044,142
31730,27669.612,141
31730,28069.944,143
31730,28089.724,142
31730,29474.24,142
31730,28684.624,142
31730,27429.976,142
31730,27314.972,142
31730,28562.064,141
31730,28314.86,142
31730,27679.804,142
31730,27024.404,142
31730,28418.4,142
31730,27515.892,141
31730,28401.372,142
31730,28260.132,142
31730,27355.028,142
31730,28134.928,141
31730,28380.392,142
31730,27029.712,141
31730,26661.432,142
31730,25914.664,141
31730,26033.496,142
31730,27155.94,140
31730,27691.296,142
31730,26916.624,141
31730,26791.996,142
31730,26804.212,142
31730,27806.412,142
31730,26915.344,141
31730,26814.652,141
31730,26553.156,140
31730,26831.316,142
31730,26565.948,141
31730,26792.692,142
31730,26436.012,142
31730,27925.312,142
31730,28228.472,142
31730,29124.284,142
31730,26471.908,140
31730,27732.404,142
31730,27852.5,142
31730,28449.996,142
31730,28319.38,142
31730,26916.796,141
31730,27896.704,139
31730,26801.04,142
31730,28186.352,142
31730,27434.924,142
31730,27560.98,142
31730,27714.452,142
31730,28404.568,143
31730,27288.172,142
31730,28052.488,141
31730,27062.784,141
31730,26954.484,141
31730,26825.416,143
31730,26835.84,142
31730,27211.14,142
31730,26571.02,142
31730,26668.936,142
31730,26924.752,142
31730,26572.272,142
31730,26326.22,143
31730,26699.94,142
31730,26467.684,141
31730,25607.372,142
31730,26823.448,142
31730,26565.016,141
31730,26322.82,141
31730,26448.648,141
31730,25794.192,141
31730,26188.088,142
31730,27436.776,142
31730,26430.956,142
31730,28332.476,143
31730,27956.92,143
31730,28844.384,141
31730,27704.972,142
31730,27084.196,142
31730,28058.432,141
31730,27942.144,142
31730,28296.392,142
31730,27820.764,142
31730,27584.2,141
31730,28964.668,142
31730,27867.68,141
31730,28490.736,141
31730,27483.128,142
31730,28240.212,142
31730,27968.396,142
31730,28847.408,142
31730,28578.664,144
31730,27482.628,141
31730,28349.148,141
31730,28446.584,143
31730,27311.948,142
31730,27848.36,142
31730,28982.904,142
31730,28453.92,142
31730,26803.464,141
31730,27796.592,141
31730,28174.004,142
31730,28037.5,142
31730,27321.86,142
31730,28303.488,142
31730,27436.94,142
31730,27687.0,141
31730,28322.7,142
31730,26083.864,143
31730,26570.372,142
31730,26338.212,142
31730,26561.228,142
31730,25430.528,141
31730,25795.856,141
31730,26447.772,141
31730,27933.832,142
31730,26681.796,143
31730,27795.276,140
31730,27917.348,143
31730,26794.704,140
31730,27660.204,143
31730,27180.952,142
31730,27211.228,141
31730,28458.176,143
31730,27552.172,143
31730,27072.0,142
31730,27701.256,142
31730,28569.512,142
31730,28068.908,142
31730,27949.56,142
31730,27958.456,143
31730,27346.872,141
31730,27334.812,141
31730,28208.56,140
31730,28102.496,142
31730,27464.708,141
31730,27583.836,142
31730,27959.744,141
31730,27311.28,142
31730,27434.696,142
31730,27194.268,141
31730,27456.776,142
31730,27052.964,140
31730,27819.96,142
31730,26677.328,142
31730,27177.772,141
31730,27518.2,140
31730,27934.656,140
31730,28028.28,142
31730,28806.176,142
31730,28719.228,143
31730,28743.356,142
31730,28359.58,143
31730,27222.944,142
31730,26843.308,142
31730,26334.12,141
31730,27206.54,142
31730,27198.572,141
31730,26069.044,142
31730,27560.928,142
31730,28179.92,142
31730,29327.232,143
31730,28329.552,142
31730,28190.276,142
31730,27459.164,142
31730,27187.088,142
31730,28192.576,143
31730,26444.104,142
31730,26795.548,142
31730,27794.648,143
31730,26944.2,142
31730,27428.456,143
31730,26452.456,143
31730,27809.952,142
31730,28060.184,141
31730,28555.32,143
31730,27451.132,141
31730,27719.484,141
31730,26709.168,141
31730,27208.012,142
31730,28599.044,143
31730,28564.4,142
31730,28464.912,142
31730,27307.256,141
31730,27924.028,142
31730,27422.948,141
31730,27432.88,142
31730,28310.608,140
31730,27432.556,141
31730,28061.248,140
31730,26304.524,142
31730,27556.088,141
31730,27306.244,142
31730,28415.62,142
31730,27796.54,142
31730,27808.316,142
31730,27927.584,142
31730,27443.664,142
31730,27573.812,143
31730,27820.012,143
31730,27789.816,141
31730,28291.996,141
31730,28558.84,143
